5.250892695897483691e+02
5.903791321846123310e+02
6.637403024871720163e+02
7.461584515485111524e+02
8.387364144966682034e+02
9.427072345498487493e+02
1.059448405163218240e+03
1.190497344219705610e+03
1.337568109162377596e+03
1.502569327326699067e+03
1.687623269214815082e+03
1.895085931614316451e+03
2.127567919829116363e+03
2.387955821618271329e+03
2.679433648069297760e+03
3.005503777895716667e+03
3.370006682271145564e+03
3.777138529688704239e+03
4.231465578532160180e+03
4.737934064493898404e+03
5.301874086990697833e+03
5.928995800533359215e+03
6.625376033057463246e+03
7.397433298560031290e+03
8.251889071192421397e+03
9.195713180670905786e+03
1.023605132373309789e+04
1.138013301296703139e+04
1.263515883503936675e+04
1.400816666039451229e+04
1.550587737697383818e+04
1.713452168871296817e+04
1.889965034222783652e+04
2.080593060364691337e+04
2.285693170683891731e+04
2.505490126003045589e+04
2.740053339816351945e+04
2.989272831308221066e+04
3.252834253362904565e+04
3.530193097605522053e+04
3.820548613988600846e+04
4.122818699197400565e+04
4.435617912487254216e+04
4.757241673603199888e+04
5.085660337072084803e+04
5.418527001123854279e+04
5.753202481080390135e+04
6.086799871487328346e+04
6.416249660636355839e+04
6.738384617279564554e+04
7.050041811653961486e+04
7.348177304748661118e+04
7.629987362927028153e+04
7.893028647661110153e+04
8.135328824803292810e+04
8.355478597000858281e+04
8.552696490517220809e+04
8.726859063428841182e+04
8.878491765699580719e+04
9.008719534381483390e+04
9.119181044860901602e+04
9.211915532341937069e+04
9.289234978168197267e+04
9.353595964357341290e+04
9.407484032208003919e+04
9.453319390697532799e+04
9.493387635459292505e+04
9.529794294349901611e+04
9.564438584239067859e+04
9.599000091345456894e+04
9.634931952745081799e+04
9.673455066472562612e+04
9.715549471349878877e+04
9.761941025305257062e+04
9.813083675077115186e+04
9.869139748620285536e+04
9.929962525441701291e+04
9.995086465870133543e+04
1.006373052246444131e+05
1.013481870111950702e+05
1.020701961572131986e+05
1.027880372383258655e+05
1.034851405443115509e+05
1.041444433612557768e+05
1.047491795692783198e+05
1.052836207356339000e+05
1.057337294645045331e+05
1.060877054404004011e+05
1.063364207923876238e+05
1.064737510133960168e+05
1.064968100489838398e+05
1.064060943608743110e+05
1.062055327812724281e+05
1.059024295138615271e+05
1.055072801660474652e+05
1.050334393403654103e+05
1.044966270637544512e+05
1.039142821808196604e+05
1.033048012674696802e+05
1.026867331562918989e+05
1.020780192067261523e+05
1.014953671215924551e+05
1.009538190998769278e+05
1.004665321894993540e+05
1.000447450836172648e+05
9.969787454846988840e+04
9.943367166528450616e+04
9.925837092178413877e+04
9.917677810723498987e+04
9.919226068630075315e+04
9.930662401092126674e+04
9.951987762403789384e+04
9.982991785343820811e+04
1.002321746953311667e+05
1.007192894166266342e+05
1.012808992689001316e+05
1.019036018511137809e+05
1.025711510424591106e+05
1.032649010887671175e+05
1.039644731921117054e+05
1.046485813811568223e+05
1.052959323275543720e+05
1.058861124364994175e+05
1.064003926489236328e+05
1.068224087074219424e+05
1.071387023220075498e+05
1.073391293297143420e+05
1.074171513111511595e+05
1.073700274566616572e+05
1.071989159833237645e+05
1.069088821172163443e+05
1.065087960899097816e+05
1.060110939997836103e+05
1.054313718263845658e+05
1.047877933914158930e+05
1.041003193016220321e+05
1.033898028867533285e+05
1.026770400286892836e+05
1.019818859856324416e+05
1.013225491302956070e+05
1.007151355713290104e+05
1.001734617825713940e+05
9.970909559726854786e+04
9.933154735428560525e+04
9.904851945515199623e+04
9.886612996621013735e+04
9.878904527605908515e+04
9.882048064272949705e+04
9.896205210810263816e+04
9.921348827206282294e+04
9.957223626310739201e+04
1.000330219834596646e+05
1.005874466526095930e+05
1.012237135447765468e+05
1.019265737745311926e+05
1.026775540838946326e+05
1.034554851675963873e+05
1.042372959870824270e+05
1.049989925976172963e+05
1.057167132430971396e+05
1.063677517311963456e+05
1.069314651187043783e+05
1.073900183474893274e+05
1.077289545025757543e+05
1.079376052128120646e+05
1.080093676139961608e+05
1.079418732466611691e+05
1.077370636780860659e+05
1.074011716031836113e+05
1.069445889773071685e+05
1.063815902197172109e+05
1.057298743954627280e+05
1.050099012725017819e+05
1.042440255418863671e+05
1.034554783678909444e+05
1.026672939289360220e+05
1.019013116104300570e+05
1.011773838546833140e+05
1.005128794781257311e+05
9.992250498554777005e+04
9.941839708883129060e+04
9.901039160395690124e+04
9.870635706907094573e+04
9.851249123020799016e+04
9.843350343040718872e+04
9.847263569179167098e+04
9.863150486513118085e+04
9.890977705667213013e+04
9.930471457529286272e+04
9.981066439309796260e+04
1.004185818849341740e+05
1.011156975411113963e+05
1.018854295673309825e+05
1.027076168123711104e+05
1.035590962232649326e+05
1.044145876366097364e+05
1.052477930790259998e+05
1.060325846473791171e+05
1.067441536134591588e+05
1.073600209278450493e+05
1.078608530484009971e+05
1.082310709617341490e+05
1.084592721768052870e+05
1.085385003168086987e+05
1.084663959140032821e+05
1.082452495361485344e+05
1.078819596144470124e+05
1.073878773746669176e+05
1.067785053821232723e+05
1.060730102847629023e+05
1.052935202436205582e+05
1.044642068459445291e+05
1.036101976910520607e+05
1.027564181566849584e+05
1.019264999490149930e+05
1.011418998965351784e+05
1.004213355870632658e+05
9.978057417795159563e+04
9.923253230644977884e+04
9.878758594698960951e+04
9.845396434926282382e+04
9.823810988186381292e+04
9.814491328052764584e+04
9.817776857785535685e+04
9.833842649391639861e+04
9.862665762113957317e+04
9.903976827725525072e+04
9.957204245636261476e+04
1.002142097483203543e+05
1.009530548546717619e+05
1.017712813530658168e+05
1.026477149015158066e+05
1.035578799126651138e+05
1.044749185598904442e+05
1.053707587983192789e+05
1.062173972583893919e+05
1.069881552510109468e+05
1.076587915151149355e+05
1.082084018244059844e+05
1.086200856864422385e+05
1.088813991452897462e+05
1.089846327162055677e+05
1.089269549603401683e+05
1.087104499374717852e+05
1.083420569002078701e+05
1.078333990385160723e+05
1.072004704928735446e+05
1.064631429513211187e+05
1.056444603788414242e+05
1.047697162609144434e+05
1.038653507829803566e+05
1.029577566617218399e+05
1.020721252677268058e+05
1.012314797263246728e+05
1.004560159413442452e+05
9.976280897487202310e+04
9.916586150709349022e+04
9.867640159351765760e+04
9.830329963351524202e+04
9.805347361640012241e+04
9.793217731014035235e+04
9.794310364254968590e+04
9.808827458523634414e+04
9.836772527099293075e+04
9.877902382504048001e+04
9.931669977801360073e+04
9.997168082772010530e+04
1.007308547655329749e+05
1.015768733431749279e+05
1.024882917830254737e+05
1.034400907904460764e+05
1.044045645617491682e+05
1.053524932811594190e+05
1.062544700771675271e+05
1.070822345741094323e+05
1.078098819221393205e+05
1.084148591738664691e+05
1.088787135792540939e+05
1.091876028256139107e+05
1.093326047262710053e+05
1.093098710397667746e+05
1.091206609463055211e+05
1.087712708578846796e+05
1.082728554528582463e+05
1.076411161563169589e+05
1.068958231806742697e+05
1.060601404571898311e+05
1.051597424524385133e+05
1.042217475941977755e+05
1.032735388518270483e+05
1.023415854665454972e+05
1.014504041446739866e+05
1.006217884350222885e+05
9.987438732230009919e+04
9.922364018522104016e+04
9.868199978244051454e+04
9.825932289897573355e+04
9.796329243400502310e+04
9.779975153515936108e+04
9.777286657918406127e+04
9.788507797287417634e+04
9.813683809361522435e+04
9.852617186696747376e+04
9.904812739269003214e+04
9.969421062778633495e+04
1.004519158784362953e+05
1.013044671931679186e+05
1.022308692950910627e+05
1.032063283339039917e+05
1.042030464909857692e+05
1.051913313868245314e+05
1.061409071474604571e+05
1.070222841437393363e+05
1.078080471479266416e+05
1.084739542902600515e+05
1.089997890043073421e+05
1.093699570975120005e+05
1.095738572000139393e+05
1.096060688593748491e+05
1.094663999202922278e+05
1.091598196279886033e+05
1.086962834057577275e+05
1.080904360500548064e+05
1.073611675310438004e+05
1.065309939008742804e+05
1.056252478189301619e+05
1.046710894536595879e+05
1.036963859172021039e+05
1.027285479609537433e+05
1.017934437256521196e+05
1.009145165336485952e+05
1.001122072865316732e+05
9.940372398125949258e+04
9.880312751648336416e+04
9.832163884884471190e+04
9.796803791974126943e+04
9.774902573095569096e+04
9.766944946371413243e+04
9.773233245987757982e+04
9.793869441578289843e+04
9.828718624064319010e+04
9.877359699753078166e+04
9.939031667500664480e+04
1.001258566267012793e+05
1.009645360418584169e+05
1.018864336740028230e+05
1.028676764243109501e+05
1.038810911471234722e+05
1.048971896711379377e+05
1.058854013939275173e+05
1.068154272748717776e+05
1.076585752505035780e+05
1.083889536724903446e+05
1.089844397271359630e+05
1.094273896465047146e+05
1.097051011798180698e+05
1.098100655827921873e+05
1.097400535565385362e+05
1.094980709848397382e+05
1.090922029597447690e+05
1.085353455230987020e+05
1.078448095145167608e+05
1.070417740877803590e+05
1.061505716362462117e+05
1.051978023323359230e+05
1.042113043108964048e+05
1.032190404902309383e+05
1.022479967548127315e+05
1.013232067802215752e+05
1.004670140286867536e+05
9.969864525823148142e+04
9.903410822289981297e+04
9.848635769113212882e+04
9.806562177343657822e+04
9.777976066893256211e+04
9.763454345173548791e+04
9.763376453627303999e+04
9.777916575276012009e+04
9.807017207105619309e+04
9.850348410950195102e+04
9.907259751257169410e+04
9.976733786822916591e+04
1.005735090388005337e+05
1.014727503627342521e+05
1.024426814872458781e+05
1.034573812602733669e+05
1.044882012654290884e+05
1.055048623236480344e+05
1.064767351609637408e+05
1.073741772150106553e+05
1.081697951110265130e+05
1.088395272264775995e+05
1.093634841470615502e+05
1.097265320667158812e+05
1.099186413175032503e+05
1.099350413650613918e+05
1.097762245777882927e+05
1.094478291302428552e+05
1.089604136964675126e+05
1.083291196013567533e+05
1.075732046287128469e+05
1.067154299052933347e+05
1.057812889844904857e+05
1.047980867849291681e+05
1.037939037130857032e+05
1.027965124346109078e+05
1.018323429450926051e+05
1.009256044709989656e+05
1.000976597324146715e+05
9.936670480325436802e+04
9.874774524269487301e+04
9.825279651033278788e+04
9.789119569554906047e+04
9.766990403932622576e+04
9.759370257678814232e+04
9.766522353976273735e+04
9.788480394760479976e+04
9.825018595816062589e+04
9.875611757837314508e+04
9.939392721125936077e+04
1.001511570322867046e+05
1.010113432055837766e+05
1.019540238432158512e+05
1.029550360201508011e+05
1.039871299435753608e+05
1.050208839969793335e+05
1.060258562916313676e+05
1.069718680341815343e+05
1.078302932299331878e+05
1.085752349061659479e+05
1.091844983594924852e+05
1.096403164272681606e+05
1.099298257882627076e+05
1.100453244361777615e+05
1.099843532283936511e+05
1.097496405525559094e+05
1.093489348724139709e+05
1.087947323723072914e+05
1.081038920218623389e+05
1.072971220950876595e+05
1.063983227377123694e+05
1.054337794937917788e+05
1.044312224724092375e+05
1.034187930434642039e+05
1.024239897848426335e+05
1.014726893594036665e+05
1.005883449047726899e+05
9.979144494609766116e+04
9.909926888632640475e+04
9.852591274890869681e+04
9.808250242291681934e+04
9.777748103582582553e+04
9.761685989257546316e+04
9.760435194866258826e+04
9.774134864401500090e+04
9.802674183062360680e+04
9.845662507006073429e+04
9.902393110807065386e+04
9.971807632598761120e+04
1.005246901304743369e+05
1.014255075785164372e+05
1.023984949436735042e+05
1.034182575059916999e+05
1.044567453928815958e+05
1.054842298503625061e+05
1.064704771632587654e+05
1.073860123965917010e+05
1.082033512434756558e+05
1.088980906021389965e+05
1.094497829956365458e+05
1.098425645989601326e+05
1.100655468974272517e+05
1.101130071585325350e+05
1.099844197126225044e+05
1.096843620703459746e+05
1.092223141623525444e+05
1.086123524867995293e+05
1.078727288003459544e+05
1.070253180466319463e+05
1.060949236761235661e+05
1.051084406509450491e+05
1.040938968264598370e+05
1.030794201500280615e+05
1.020922072528537246e+05
1.011575895214043412e+05
1.002982942592295149e+05
9.953397285611013649e+04
9.888101686485370738e+04
9.835262143198862032e+04
9.795900570942583727e+04
9.770767899233826029e+04
9.760365279574235319e+04
9.764953295742985210e+04
9.784546701711241622e+04
9.818895864412967057e+04
9.867458759032518719e+04
9.929369093850915669e+04
1.000340719793025346e+05
1.008798086514953029e+05
1.018112332896066073e+05
1.028051463011332089e+05
1.038353049569138093e+05
1.048731939474822138e+05
1.058890409003764653e+05
1.068529971145020827e+05
1.077363735573844460e+05
1.085128147788480856e+05
1.091593117454264720e+05
1.096569922609469213e+05
1.099916713229640445e+05
1.101541794550982886e+05
1.101405060769473203e+05
1.099517964754315908e+05
1.095942301302859560e+05
1.090787924349896348e+05
1.084209375839552522e+05
1.076401314181269554e+05
1.067592609669241647e+05
1.058039028070361092e+05
1.048014554787390371e+05
1.037801620150114177e+05
1.027680753137602442e+05
1.017920460127466213e+05
1.008768297225938732e+05
1.000444064108028397e+05
9.931357286366070912e+04
9.869981460388013511e+04
9.821540402797724528e+04
9.786962884863400541e+04
9.766904325856959622e+04
9.761765275001860573e+04
9.771697972087643575e+04
9.796599589902369189e+04
9.836093934448758955e+04
9.889505563875974622e+04
9.955831694261723896e+04
1.003371819333407184e+05
1.012144651799560525e+05
1.021693841955814132e+05
1.031778422260064399e+05
1.042129814491685247e+05
1.052460048590445367e+05
1.062472212952123809e+05
1.071872274565863336e+05
1.080381155756277585e+05
1.087745944116777828e+05
1.093749348510784039e+05
1.098216910072396277e+05
1.101021892367559485e+05
1.102088080731572700e+05
1.101390854355960328e+05
1.098956870044324751e+05
1.094862576714536845e+05
1.089231635974861856e+05
1.082231207960957254e+05
1.074066998297005339e+05
1.064976959836015885e+05
1.055223606815558596e+05
1.045085037382193259e+05
1.034844976173494797e+05
1.024782419245009805e+05
1.015161721225287765e+05
1.006224098457105865e+05
9.981814197087410139e+04
9.912127758514267043e+04
9.854637476793972019e+04
9.810477251970134967e+04
9.780482820320127939e+04
9.765215777097721002e+04
9.764980003335124638e+04
9.779826309627259616e+04
9.809544694622310635e+04
9.853646356879053928e+04
9.911339445936617267e+04
9.981503795427714067e+04
1.006267080781973928e+05
1.015301523345478345e+05
1.025036548623151612e+05
1.035223792479920230e+05
1.045589791965519835e+05
1.055844666990329424e+05
1.065692833865010907e+05
1.074844829414953419e+05
1.083029126358096983e+05
1.090002871579118946e+05
1.095560758972454787e+05
1.099541652416367724e+05
1.101832960358323471e+05
1.102373019543399132e+05
1.101151832723899133e+05
1.098210455615259561e+05
1.093639208948484447e+05
1.087574765391014516e+05
1.080196067075957690e+05
1.071718983106827945e+05
1.062389624004542420e+05
1.052476301296202728e+05
1.042260268874475296e+05
1.032025610885641363e+05
1.022048916641796532e+05
1.012589624281406141e+05
1.003882002726126666e+05
9.961295729467907222e+04
9.895023317896237131e+04
9.841365548661099456e+04
9.801364320919031161e+04
9.775765205021071597e+04
9.765040451574964391e+04
9.769403583424582030e+04
9.788812312290319824e+04
9.822959788242273498e+04
9.871256586693508143e+04
9.932807476851661340e+04
1.000638822322674532e+05
1.009042862191481836e+05
1.018300852472227125e+05
1.028187335818883148e+05
1.038447416131738428e+05
1.048803424805316608e+05
1.058964053775539651e+05
1.068635323904197721e+05
1.077532412870606931e+05
1.085391224674136611e+05
1.091978691319627833e+05
1.097101112653226737e+05
1.100610243591534963e+05
1.102407191581074003e+05
1.102444398258107540e+05
1.100726030719019764e+05
1.097307043584872590e+05
1.092291058979846130e+05
1.085827100887607521e+05
1.078105141278722731e+05
1.069350378690949001e+05
1.059816184186754399e+05
1.049775730185161374e+05
1.039512480892811000e+05
1.029309966299093940e+05
1.019441539999328525e+05
1.010161038507439225e+05
1.001695293645376805e+05
9.942392127650896145e+04
9.879536537513669464e+04
9.829657342646516918e+04
9.793707457475732372e+04
9.772346549215853156e+04
9.765962887728206988e+04
9.774686052456626203e+04
9.798388042224195669e+04
9.836673304945771815e+04
9.888860341162617260e+04
9.953959053714135371e+04
1.003064921646479052e+05
1.011726639233276364e+05
1.021180210244432528e+05
1.031192458710935607e+05
1.041502469561149628e+05
1.051828820428544568e+05
1.061879162837602926e+05
1.071361433645524958e+05
1.079995673015124194e+05
1.087525340998410247e+05
1.093727187210364937e+05
1.098419071683707298e+05
1.101465531498163182e+05
1.102781207997488673e+05
1.102332420390614570e+05
1.100137194529689004e+05
1.096263982201969629e+05
1.090829198044447257e+05
1.083993601880611241e+05
1.075957484639524046e+05
1.066954585668505315e+05
1.057244690992710384e+05
1.047104955947539565e+05
1.036820177354085026e+05
1.026672498724775360e+05
1.016931307667380752e+05
1.007844269877699844e+05
9.996304176336033561e+04
9.924759063761052676e+04
9.865325248913618270e+04
9.819184701550570026e+04
9.787204917303011462e+04
9.769964020994472958e+04
9.767771196931708255e+04
9.780677343372200266e+04
9.808474217702621536e+04
9.850683047206717310e+04
9.906535522288213542e+04
9.974951537142043526e+04
1.005451924509575038e+05
1.014348392663747945e+05
1.023975250232603867e+05
1.034091979053836694e+05
1.044432045554803190e+05
1.054710704518422426e+05
1.064635016433955461e+05
1.073915274809136172e+05
1.082276780943163176e+05
1.089470878809299466e+05
1.095284375190554420e+05
1.099546835255155165e+05
1.102135628018487769e+05
1.102978882048165251e+05
1.102056646097609773e+05
1.099400548754167539e+05
1.095092171212235990e+05
1.089260243986534188e+05
1.082076687106937316e+05
1.073751450144108676e+05
1.064526084105660557e+05
1.054666009200742410e+05
1.044451553512859537e+05
1.034168039871664369e+05
1.024095469329346815e+05
1.014498615973053966e+05
1.005618492435851222e+05
9.976660535885504214e+04
9.908186371652997332e+04
9.852190830537796137e+04
9.809769248991736094e+04
9.781707110931718489e+04
9.768504796272610838e+04
9.770396292538326816e+04
9.787357608292846999e+04
9.819103818075597519e+04
9.865076143118923937e+04
9.924422265702715958e+04
9.995974480589294399e+04
1.007823148300389148e+05
1.016935045789616415e+05
1.026715627967394394e+05
1.036917358514423395e+05
1.047268496389170468e+05
1.057481468361559673e+05
1.067263296099278959e+05
1.076327195823326037e+05
1.084404260969876923e+05
1.091254173357446416e+05
1.096674146267433389e+05
1.100505682186601334e+05
1.102639094540443621e+05
1.103015993245407008e+05
1.101630034244684648e+05
1.098526212543637521e+05
1.093798893485723966e+05
1.087588677819607692e+05
1.080078110850905359e+05
1.071486188177655276e+05
1.062061593530411919e+05
1.052074649606958556e+05
1.041808094038614217e+05
1.031547015698431060e+05
1.021568566479259171e+05
1.012132312927386083e+05
1.003472188044309296e+05
9.957908429447075468e+04
9.892567702443934104e+04
9.840039977114417707e+04
9.801336417506619182e+04
9.777163482900742383e+04
9.767946872533835995e+04
9.773848229805749725e+04
9.794771156682627043e+04
9.830356084362238471e+04
9.879965812767593889e+04
9.942665211300364172e+04
1.001719995099420776e+05
1.010198031180176913e+05
1.019507686847187870e+05
1.029423476695204299e+05
1.039691191095988324e+05
1.050034349708779046e+05
1.060163127189539373e+05
1.069785149754703452e+05
1.078617211248497479e+05
1.086396805806938792e+05
1.092892468429375294e+05
1.097912212277231447e+05
1.101309737562723167e+05
1.102988430496079382e+05
1.102903384962312557e+05
1.101061748454159679e+05
1.097521656205561303e+05
1.092389929385217401e+05
1.085818617681088799e+05
1.078000386340305558e+05
1.069162695454792556e+05
1.059560711653887993e+05
1.049468954206657072e+05
1.039171831030705944e+05
1.028953462857668783e+05
1.019087477193748491e+05
1.009827677593664121e+05
1.001400533550605614e+05
9.940002055424076389e+04
9.877863404771737987e+04
9.828842968185168866e+04
9.793870006166148232e+04
9.773574491438998666e+04
9.768309824658397702e+04
9.778167282709891151e+04
9.802979529083371744e+04
9.842313304912885360e+04
9.895453502537427994e+04
9.961382417311573226e+04
1.003875932943357475e+05
1.012590669727130444e+05
1.022080985805439559e+05
1.032113676383997226e+05
1.042428252128771855e+05
1.052744027375949809e+05
1.062769571492684918e+05
1.072213823581186589e+05
1.080797861214106233e+05
1.088266221875102492e+05
1.094396826864233299e+05
1.099008887615868589e+05
1.101968559311341669e+05
1.103192422517746163e+05
1.102649051231735211e+05
1.100358965850772365e+05
1.096393218099036021e+05
1.090870764949382574e+05
1.083954696532145317e+05
1.075847307343209104e+05
1.066783954108062753e+05
1.057025647697028762e+05
1.046850407508688804e+05
1.036543583549856121e+05
1.026387611454441503e+05
1.016651946130944998e+05
1.007584109664831049e+05
9.994027663741273864e+04
9.922934378645713150e+04
9.864069499701450695e+04
9.818601391793896619e+04
9.787379492769100762e+04
9.770959423910912301e+04
9.769624096240926883e+04
9.783395709316660941e+04
9.812036710541618231e+04
9.855040363200176216e+04
9.911613497275143163e+04
9.980655547584827582e+04
1.006073931764538866e+05
1.015009996796304622e+05
1.024663915736836934e+05
1.034795058677658526e+05
1.045137105683114787e+05
1.055405759785063710e+05
1.065308686002471077e+05
1.074556884644266102e+05
1.082876444932340819e+05
1.090019594572378119e+05
1.095774165006074909e+05
1.099970947132877918e+05
1.102488788459729112e+05
1.103257566813542362e+05
1.102259317448555812e+05
1.099527804951755243e+05
1.095146768878396979e+05
1.089246981412689056e+05
1.082002166692550963e+05
1.073623760341741290e+05
1.064354449353739183e+05
1.054460450613449066e+05
1.044222588821784011e+05
1.033926434840306465e+05
1.023852039163625450e+05
1.014264065451800125e+05
1.005403276559358637e+05
9.974802353424280591e+04
9.906717164670437342e+04
9.851197746075685427e+04
9.809328760994727782e+04
9.781881736293001450e+04
9.769339729988826730e+04
9.771916504447087937e+04
9.789565940792096080e+04
9.821980454215334612e+04
9.868579547146653931e+04
9.928491432477199123e+04
1.000053214371596405e+05
1.008318785397073952e+05
1.017460708754103398e+05
1.027260971523722546e+05
1.037471860502633936e+05
1.047821728134228033e+05
1.058023310703625903e+05
1.067784108137355070e+05
1.076817950621005875e+05
1.084856668120926915e+05
1.091660810556722863e+05
1.097028618178531033e+05
1.100802813239981624e+05
1.102875144330769544e+05
1.103188864428569650e+05
1.101739430993300339e+05
1.098573708853923163e+05
1.093787885930210759e+05
1.087524221537628764e+05
1.079966661697645613e+05
1.071335289674993110e+05
1.061879550700793334e+05
1.051870224548171100e+05
1.041590245344175928e+05
1.031324690865702578e+05
1.021350546256716189e+05
1.011927099156530458e+05
1.003287920230163145e+05
9.956352224007656332e+04
9.891369658007503313e+04
9.839265080970883719e+04
9.801041010803726385e+04
9.777392820266654599e+04
9.768732493747559784e+04
9.775205604655094794e+04
9.796698066529171774e+04
9.832832058276770113e+04
9.882952712359347788e+04
9.946108845949293755e+04
1.002103246607780748e+05
1.010612304334693617e+05
1.019944338044335309e+05
1.029873385000061535e+05
1.040145039383892581e+05
1.050482878512679745e+05
1.060597357634206710e+05
1.070196576224004966e+05
1.078997968931401701e+05
1.086739822899033607e+05
1.093191615714803484e+05
1.098162461168723676e+05
1.101507329403722251e+05
1.103131046130359900e+05
1.102990289203253778e+05
1.101093876022569893e+05
1.097501609054156143e+05
1.092321870229931519e+05
1.085708065730896924e+05
1.077853940622810915e+05
1.068987722132725903e+05
1.059365032108796440e+05
1.049260562881813530e+05
1.038958660912420310e+05
1.028743206267419591e+05
1.018887461956584884e+05
1.009644792647988361e+05
1.001241191483671573e+05
9.938703214806129108e+04
9.876912997006272781e+04
9.828288828559740796e+04
9.793752660749013012e+04
9.773925322392400994e+04
9.769148953811444517e+04
9.779501585880402126e+04
9.804801199062691012e+04
9.844599251838131750e+04
9.898165687901344791e+04
9.964469043425776181e+04
1.004215669902869122e+05
1.012954152504873637e+05
1.022460183627963706e+05
1.032500122759994119e+05
1.042813310074767942e+05
1.053119144799607457e+05
1.063126519709941495e+05
1.072544913604858157e+05
1.081096135612221988e+05
1.088525624668351666e+05
1.094612358093826042e+05
1.099176749593451968e+05
1.102086295837841462e+05
1.103259041455556144e+05
1.102665109454233316e+05
1.100326590137728344e+05
1.096316040293448023e+05
1.090753764059894165e+05
1.083803959068191180e+05
1.075669732763322245e+05
1.066586939614314324e+05
1.056816784825491486e+05
1.046637215054431726e+05
1.036333291795413679e+05
1.026187004704301944e+05
1.016467264794070070e+05
1.007421007771041768e+05
9.992663130351444124e+04
9.921881413949551643e+04
9.863367746547357820e+04
9.818284833394676389e+04
9.787475640682893572e+04
9.771487920046148065e+04
9.770594966913790267e+04
9.784807655026328575e+04
9.813875818101392360e+04
9.857279507608302811e+04
9.914212531761836726e+04
9.983562234752785298e+04
1.006389087057420693e+05
1.015342504713946691e+05
1.025006018471062853e+05
1.035138626434631296e+05
1.045473899434266059e+05
1.055727695263753121e+05
1.065608088412842189e+05
1.074826723655710230e+05
1.083110542249357241e+05
1.090212801604433771e+05
1.095922513535521866e+05
1.100071777767609019e+05
1.102540857620513561e+05
1.103261124064463656e+05
1.102216135848741251e+05
1.099441143746259040e+05
1.095021253766828013e+05
1.089088401527409878e+05
1.081817203783978184e+05
1.073419678011445503e+05
1.064138774537327990e+05
1.054240676103803562e+05
1.044005917824850912e+05
1.033719580410984927e+05
1.023661085229290184e+05
1.014094391642868140e+05
1.005259543803435809e+05
9.973664207175264892e+04
9.905911744605780405e+04
9.850752922363285325e+04
9.809266882546858687e+04
9.782219168402305513e+04
9.770085777975978272e+04
9.773071953241870506e+04
9.791121575055542053e+04
9.823915919347811723e+04
9.870862798402455519e+04
9.931078869789058808e+04
1.000336940791983361e+05
1.008621119379782031e+05
1.017774519001420995e+05
1.027578590186917136e+05
1.037785330741541984e+05
1.048123070564173686e+05
1.058304797521092114e+05
1.068038531179338170e+05
1.077038868932330370e+05
1.085038623441248783e+05
1.091799505125139112e+05
1.097121055588304152e+05
1.100847405888020730e+05
1.102871787965382100e+05
1.103138972740112513e+05
1.101645915929455950e+05
1.098440890894359763e+05
1.093621325576422387e+05
1.087330476702616579e+05
1.079752989958621911e+05
1.071109323768819158e+05
1.061648977448502410e+05
1.051642492746030912e+05
1.041372320662269340e+05
1.031122868991203432e+05
1.021170330878912064e+05
1.011773147717440006e+05
1.003164054789437796e+05
9.955444932934717508e+04
9.890817431972171471e+04
9.839085666503359971e+04
9.801246627816636465e+04
9.777989956780768989e+04
9.769721076866221847e+04
9.776577777678037819e+04
9.798436920877623197e+04
9.834910654667421477e+04
9.885333617336594034e+04
9.948744277601606154e+04
1.002386504112521652e+05
1.010908706564990862e+05
1.020246659831207216e+05
1.030173961356851796e+05
1.040436014163155342e+05
1.050756476784650004e+05
1.060846168842033658e+05
1.070413831603264262e+05
1.079177795765982592e+05
1.086877461475273158e+05
1.093283591563240188e+05
1.098206712138001312e+05
1.101503290332883626e+05
1.103079691372113884e+05
1.102894126789485308e+05
1.100956881752792397e+05
1.097329089195269771e+05
1.092120249542493111e+05
1.085484610401348036e+05
1.077616437881259335e+05
1.068744145027901977e+05
1.059123217513166310e+05
1.049027925260094344e+05
1.038741957377788494e+05
1.028548362932275195e+05
1.018719468172982597e+05
1.009507666493952856e+05
1.001138013662582525e+05
9.938033239186648279e+04
9.876619817455930752e+04
9.828381184974443750e+04
9.794233671275874076e+04
9.774792472839329275e+04
9.770393470973682997e+04
9.781107427342634764e+04
9.806743991512258071e+04
9.846845485154834751e+04
9.900672369116722257e+04
9.967183898806029174e+04
1.004501892877240316e+05
1.013248307453129819e+05
1.022754913757831091e+05
1.032787736294586939e+05
1.043086032549294323e+05
1.053369397548453126e+05
1.063347209862579766e+05
1.072729716780064191e+05
1.081239751739813219e+05
1.088623991278845060e+05
1.094662812764549308e+05
1.099178140472776868e+05
1.102039042413812422e+05
1.103165145491989242e+05
1.102528110576578183e+05
1.100151456798642612e+05
1.096108989051910467e+05
1.090522008963033149e+05
1.083555405021384504e+05
1.075412636829616677e+05
1.066329568315922515e+05
1.056567093249254249e+05
1.046402567473044764e+05
1.036120237179068208e+05
1.026001116222668934e+05
1.016313049977300980e+05
1.007301892863756948e+05
9.991846980553219328e+04
9.921455104027521156e+04
9.863338319835250149e+04
9.818652780768208322e+04
9.788235685203286994e+04
9.772629161622711399e+04
9.772100433168062591e+04
9.786653492607950466e+04
9.816030437374791654e+04
9.859702959492099762e+04
9.916856298751787108e+04
9.986369518274853181e+04
1.006679738892062596e+05
1.015636032714406902e+05
1.025294932131484529e+05
1.035415211402020650e+05
1.045730474342464731e+05
1.055956895472241013e+05
1.065803160310755338e+05
1.074981808866783540e+05
1.083220930735511502e+05
1.090275137253791618e+05
1.095934943615264492e+05
1.100034044834480883e+05
1.102454335499401350e+05
1.103128797449334088e+05
1.102042518712140882e+05
1.099232129786023143e+05
1.094783896002869151e+05
1.088830627575641993e+05
1.081547484394246421e+05
1.073146674285415356e+05
1.063870990990354039e+05
1.053986142941776052e+05
1.043771919503937970e+05
1.033512442056020227e+05
1.023486025397502963e+05
1.013955448227221641e+05
1.005159576545887976e+05
9.973071857992419973e+04
9.905734536666653003e+04
9.850990455175637908e+04
9.809911915262056573e+04
9.783258523632021388e+04
9.771500619022762112e+04
9.774837500869850919e+04
9.793206496551641612e+04
9.826281680752012471e+04
9.873463229594250151e+04
9.933860103351352154e+04
1.000627026826521178e+05
1.008916405919163808e+05
1.018067732665371441e+05
1.027862126025731268e+05
1.038051475677708077e+05
1.048364264725151588e+05
1.058513921882203722e+05
1.068209203636038001e+05
1.077165726687569841e+05
1.085117569849574356e+05
1.091827904378972598e+05
1.097097866680843435e+05
1.100773254243866832e+05
1.102748975799245964e+05
1.102971427378563822e+05
1.101439072151315049e+05
1.098201503195133118e+05
1.093357211628152145e+05
1.087050202911115484e+05
1.079465519751243555e+05
1.070823654793849273e+05
1.061373793452042155e+05
1.051385850947013969e+05
1.041141389259817370e+05
1.030923724933759513e+05
1.021007826038746425e+05
1.011650850413786975e+05
1.003084269830082194e+05
9.955083546405208472e+04
9.890893596549236099e+04
9.839591878116052249e+04
9.802168273105208937e+04
9.779306315308765625e+04
9.771405719988601049e+04
9.778598447704376304e+04
9.800755117520231579e+04
9.837481195045312052e+04
9.888104390459683782e+04
9.951656334923046234e+04
1.002685309507877973e+05
1.011208042654353194e+05
1.020539056245242245e+05
1.030451730562527082e+05
1.040691479322055238e+05
1.050982237016469298e+05
1.061035389211689908e+05
1.070560538547116594e+05
1.079277154753438226e+05
1.086926014651282021e+05
1.093279438943984424e+05
1.098149628047289589e+05
1.101394773306865245e+05
1.102922948065861565e+05
1.102693988954384404e+05
1.100719653492004145e+05
1.097062323315083486e+05
1.091832458386091894e+05
1.085184926008640905e+05
1.077314244445272343e+05
1.068448709887062141e+05
1.058843344612805668e+05
1.048771649304958701e+05
1.038516291132150800e+05
1.028359106708768813e+05
1.018571089550606121e+05
1.009403257344922313e+05
1.001079327120750677e+05
9.937908837851653516e+04
9.876952426571222895e+04
9.829156429403339280e+04
9.795429822589282412e+04
9.776381538776232628e+04
9.772341712952674425e+04
9.783375403069742606e+04
9.809286339414166287e+04
9.849610690522097866e+04
9.903602705357479863e+04
9.970215668395746616e+04
1.004808307270041551e+05
1.013550618813517503e+05
1.023045491764435865e+05
1.033058849917917105e+05
1.043330082162169711e+05
1.053579183252764196e+05
1.063516222186095256e+05
1.072852429204855143e+05
1.081311891090312711e+05
1.088642763682157529e+05
1.094627069200226251e+05
1.099088473943788267e+05
1.101897814805208036e+05
1.102976444198551471e+05
1.102297634053348156e+05
1.099886327748760959e+05
1.095817497216609481e+05
1.090213292900597589e+05
1.083239091139850498e+05
1.075098460232857178e+05
1.066027001086766832e+05
1.056285001919695060e+05
1.046148915340284439e+05
1.035901842050547421e+05
1.025823471897921554e+05
1.016180219605239108e+05
1.007216481338034937e+05
9.991479053064860636e+04
9.921572562935121823e+04
9.863929291938364622e+04
9.819696183986865799e+04
9.789702869854518212e+04
9.774485083077919262e+04
9.774304290108119312e+04
9.789158936267324316e+04
9.818785554088736535e+04
9.862650239211520238e+04
9.919932757380897237e+04
9.989507084054143343e+04
1.006992362012845697e+05
1.015939950653537089e+05
1.025582396281244874e+05
1.035678490255749348e+05
1.045962089394749637e+05
1.056149891570583859e+05
1.065951395417901222e+05
1.075080241599193687e+05
1.083265881223752222e+05
1.090264499287277722e+05
1.095868332694158598e+05
1.099912874529791734e+05
1.102281820031538227e+05
1.102909880256527540e+05
1.101783726578614442e+05
1.098941353137767728e+05
1.094470100668302039e+05
1.088503511182446236e+05
1.081217098482760921e+05
1.072823037523242529e+05
1.063563717885067308e+05
1.053704107368625264e+05
1.043522966268522141e+05
1.033303155545112531e+05
1.023321563234093919e+05
1.013839448320342199e+05
1.005094144684195635e+05
9.972929646435225732e+04
9.906097619510816003e+04
9.851840621361228114e+04
9.811221497802824888e+04
9.784992107382953691e+04
9.773616297613024653e+04
9.777287640803115210e+04
9.795938116808330233e+04
9.829236632337085030e+04
9.876578360586726922e+04
9.937067554270697292e+04
1.000949799635908566e+05
1.009233665898218605e+05
1.018371719979975314e+05
1.028145017969478067e+05
1.038305585175538290e+05
1.048582279373065976e+05
1.058689175186801003e+05
1.068335962217015767e+05
1.077239470877126587e+05
1.085135243005608791e+05
1.091788109340169904e+05
1.097000994680636795e+05
1.100621539046026883e+05
1.102546470843247516e+05
1.102723905610448855e+05
1.101153848914013943e+05
1.097887185055993177e+05
1.093023379873570811e+05
1.086707048335146828e+05
1.079123451957188518e+05
1.070492911467197846e+05
1.061064072250449535e+05
1.051105980751555180e+05
1.040899051775554544e+05
1.030725234533777402e+05
1.020857975691628235e+05
1.011552832436303433e+05
1.003039678464203025e+05
9.955172700931761938e+04
9.891505004839481262e+04
9.840701049332537514e+04
9.803741052786227374e+04
9.781300657705632329e+04
9.773773033941777248e+04
9.781284493167631445e+04
9.803700558728497708e+04
9.840621974345005583e+04
9.891372082191795926e+04
9.954978603964387730e+04
1.003015434974291711e+05
1.011528273477109906e+05
1.020841489211620355e+05
1.030728514224421961e+05
1.040935016544052050e+05
1.051185426383340528e+05
1.061191895960640104e+05
1.070665077616007620e+05
1.079325762616089633e+05
1.086916285251376976e+05
1.093210702779956919e+05
1.098023060459155677e+05
1.101213425074191618e+05
1.102691696064634743e+05
1.102419406733182986e+05
1.100409803365194239e+05
1.096726475450684666e+05
1.091480749041685049e+05
1.084827974556469708e+05
1.076962753817723424e+05
1.068113075264859799e+05
1.058533290829676407e+05
1.048495911113281909e+05
1.038282345364489738e+05
1.028172963454771379e+05
1.018437150390347961e+05
1.009324249773376796e+05
1.001056321843546029e+05
9.938233931232130271e+04
9.877813850666156213e+04
9.830523458947149629e+04
9.797261900069206604e+04
9.778630113165425428e+04
9.774951681563837337e+04
9.786286147447008989e+04
9.812432454109704122e+04
9.852922546760838304e+04
9.907006984426644340e+04
9.973635972147830762e+04
1.005144069458173472e+05
1.013872111669531587e+05
1.023344714121649158e+05
1.033327967222228472e+05
1.043561632488055766e+05
1.053766320225854579e+05
1.063652984378361289e+05
1.072934017469732935e+05
1.081334929916498950e+05
1.088605522066210542e+05
1.094529620827581966e+05
1.098932783471125440e+05
1.101687743699059938e+05
1.102717673975232028e+05
1.101997507302529848e+05
1.099553610183356941e+05
1.095462069081204827e+05
1.089845785182761610e+05
1.082870488696485991e+05
1.074739697126651154e+05
1.065688571675341227e+05
1.055976605694579048e+05
1.045879147141127760e+05
1.035677935073948756e+05
1.025651100227136194e+05
1.016063368732498202e+05
1.007157396190311119e+05
9.991471219451293291e+04
9.922137139807203494e+04
9.865041460844814719e+04
9.821319024901805096e+04
9.791789501374396787e+04
9.776980572345400287e+04
9.777147199053002987e+04
9.792282503366074525e+04
9.822118599242980417e+04
9.866117911066731904e+04
9.923457235491454776e+04
9.993008329101893469e+04
1.007332025180613564e+05
1.016260988540426333e+05
1.025876755269439163e+05
1.035938397993352701e+05
1.046180263636780437e+05
1.056319783707922179e+05
1.066067457085682399e+05
1.075138194777549506e+05
1.083262967486334528e+05
1.090199684052762459e+05
1.095742445082935155e+05
1.099728670354620408e+05
1.102043961752680480e+05
1.102624832039993489e+05
1.101459565739896061e+05
1.098587503253912437e+05
1.094096997699737694e+05
1.088122221080609015e+05
1.080838910240145342e+05
1.072459056881819415e+05
1.063224483411086549e+05
1.053399244230720069e+05
1.043260887005230179e+05
1.033090814005774446e+05
1.023164268390591023e+05
1.013740747025278833e+05
1.005055783191116352e+05
9.973149343494304048e+04
9.906904244178679073e+04
9.853203351047636534e+04
9.813097256301036396e+04
9.787327768555154034e+04
9.776350673561116855e+04
9.780353141468451940e+04
9.799262083066470223e+04
9.832742415703229199e+04
9.880186246332862356e+04
9.940695620416197926e+04
1.001306299057388387e+05
1.009575497157806676e+05
1.018690601467728120e+05
1.028432888754034502e+05
1.038554779659265187e+05
1.048785738271354930e+05
1.058840688714626740e+05
1.068430432650592265e+05
1.077273173936626845e+05
1.085106063457393466e+05
1.091695727167686418e+05
1.096847003286656836e+05
1.100409483746076876e+05
1.102281801927375491e+05
1.102413844658966409e+05
1.100807170948443381e+05
1.097513924190138350e+05
1.092634472853766492e+05
1.086313937095717556e+05
1.078737670305561624e+05
1.070125680326497823e+05
1.060725922882950254e+05
1.050806418579193414e+05
1.040646268009732448e+05
1.030525870969624812e+05
1.020716949667866429e+05
1.011473231752718712e+05
1.003022736257368670e+05
9.955624242236505961e+04
9.892555308252034592e+04
9.842313289984807489e+04
9.805866038855382067e+04
9.783879101167489716e+04
9.776737625645833032e+04
9.784561684646853246e+04
9.807212050640664529e+04
9.844285967846085259e+04
9.895104368401344982e+04
9.958693566767564334e+04
1.003376595577013068e+05
1.011870558953745203e+05
1.021156545079723292e+05
1.031008316678492556e+05
1.041172050222716789e+05
1.051372896770557418e+05
1.061323971251578332e+05
1.070737145967766701e+05
1.079334683366643148e+05
1.086860609407085722e+05
1.093090839730113803e+05
1.097841373269621254e+05
1.100974243361107801e+05
1.102401241292156774e+05
1.102085629470169079e+05
1.100042136777793203e+05
1.096335515343370353e+05
1.091077877794588712e+05
1.084424952243398293e+05
1.076571302056940622e+05
1.067744476793208014e+05
1.058198021606891270e+05
1.048203314908351749e+05
1.038040356300725107e+05
1.027987881453343580e+05
1.018313477107756771e+05
1.009264595589636301e+05
1.001061393927416357e+05
9.938920680429588538e+04
9.879108577055162459e+04
9.832383341479839874e+04
9.799631676036355202e+04
9.781444421927112853e+04
9.778137236159799795e+04
9.789763646772739594e+04
9.816118228952884965e+04
9.856729977749977843e+04
9.910847746886158711e+04
9.977421168779021536e+04
1.005508194452937314e+05
1.014213168290197063e+05
1.023654319200351893e+05
1.033598177562723286e+05
1.043785125141644530e+05
1.053936605576961883e+05
1.063764645688331802e+05
1.072982961552326160e+05
1.081318626783824293e+05
1.088523208897647128e+05
1.094382447922660649e+05
1.098723885449125373e+05
1.101422225723578595e+05
1.102402508586543845e+05
1.101641342580650671e+05
1.099166495586717210e+05
1.095055112088474852e+05
1.089430758826762467e+05
1.082459414848558081e+05
1.074344430796114320e+05
1.065320407311543240e+05
1.055645919474806142e+05
1.045595082697999460e+05
1.035448136794864549e+05
1.025481499056997272e+05
1.015958028905172541e+05
1.007118434196681628e+05
9.991747076022457622e+04
9.923061558399235946e+04
9.866580514095835679e+04
9.823423906727034773e+04
9.794398928768464248e+04
9.780023209896284970e+04
9.780543937094454304e+04
9.795948507498011168e+04
9.825965114226978039e+04
9.870053838318561611e+04
9.927390520955390821e+04
9.996847211115052050e+04
1.007697443508449942e+05
1.016599172793526668e+05
1.026179336954270257e+05
1.036197556847230298e+05
1.046388909816737578e+05
1.056471770806442946e+05
1.066157818331101298e+05
1.075163385872281797e+05
1.083221093305356771e+05
1.090090684746533079e+05
1.095568220024527836e+05
1.099493124127661285e+05
1.101752962807210133e+05
1.102286080560678965e+05
1.101082372996494960e+05
1.098182491170368012e+05
1.093675734638652648e+05
1.087696816329590074e+05
1.080421592978267145e+05
1.072061763902913372e+05
1.062858474123968917e+05
1.053074754017319792e+05
1.042986824153852504e+05
1.032874503436631203e+05
1.023011247478196601e+05
1.013654622948610340e+05
1.005038163796871231e+05
9.973654420287031098e+04
9.908067939021145867e+04
9.854985840501567873e+04
9.815443766085973766e+04
9.790171053286048118e+04
9.779613531274447450e+04
9.783950808124465402e+04
9.803104424812502111e+04
9.836735888755119231e+04
9.884235625069063099e+04
9.944705514609254897e+04
1.001693919315361854e+05
1.009940570341615967e+05
1.019024315982349508e+05
1.028726933128785749e+05
1.038801497571012296e+05
1.048978312061052566e+05
1.058973351562749594e+05
1.068498700394256157e+05
1.077274078811748623e+05
1.085038366507035098e+05
1.091560085181338509e+05
1.096646069552814442e+05
1.100147927783701743e+05
1.101966239786117512e+05
1.102052677561500459e+05
1.100410336451995681e+05
1.097092571247578162e+05
1.092200579570591799e+05
1.085879895608407678e+05
1.078315864781868149e+05
1.069728080727857450e+05
1.060363710195317835e+05
1.050489649735114363e+05
1.040383583827106195e+05
1.030324249854278751e+05
1.020581513102040626e+05
1.011407112114274059e+05
1.003027019506764627e+05
9.956361763921704551e+04
9.893959078299593239e+04
9.844337575130719051e+04
9.808450119838396495e+04
9.786949836854304885e+04
9.780212067701345950e+04
9.788349597464980616e+04
9.811218249834184826e+04
9.848412432013245416e+04
9.899252107029706531e+04
9.962764252017426770e+04
1.003766335447686142e+05
1.012233686496057926e+05
1.021484243570166436e+05
1.031292372855517169e+05
1.041405011269101233e+05
1.051548254581595829e+05
1.061436372981571330e+05
1.070782620404903719e+05
1.079310864322915877e+05
1.086766932522743882e+05
1.092928688995334087e+05
1.097614157446895115e+05
1.100687388499383378e+05
1.102062092044089077e+05
1.101703258517697832e+05
1.099627068789945188e+05
1.095899379652354692e+05
1.090633011188144010e+05
1.083983977680235112e+05
1.076146708816978789e+05
1.067348222494312358e+05
1.057841168760941655e+05
1.047895707542813616e+05
1.037790338486363180e+05
1.027802060460935900e+05
1.018196538226117264e+05
1.009219180303922039e+05
1.001088054377643275e+05
9.939893059409278794e+04
9.880752458669533371e+04
9.834647074908489594e+04
9.802448627428892360e+04
9.784735631133471907e+04
9.781814142038262798e+04
9.793730740407996927e+04
9.820275539680231304e+04
9.860975330437252705e+04
9.915078757109855360e+04
9.981536973402406147e+04
1.005898470215242414e+05
1.014572791928310617e+05
1.023974510138342594e+05
1.033870860652202537e+05
1.044003089110725414e+05
1.054093687478414649e+05
1.063855939006021945e+05
1.073005036054224765e+05
1.081269740305078158e+05
1.088403487252603663e+05
1.094194009794690064e+05
1.098470893402465590e+05
1.101110850639479904e+05
1.102040801560651453e+05
1.101239015442433447e+05
1.098734619009733142e+05
1.094605748336866818e+05
1.088976552813423186e+05
1.082013170058590913e+05
1.073918694402624387e+05
1.064927082234419795e+05
1.055295912932785577e+05
1.045297994349123328e+05
1.035211987273456471e+05
1.025312502032219927e+05
1.015860414935985609e+05
1.007094339208822203e+05
9.992241390907135792e+04
9.924270440602992312e+04
9.868463824178589857e+04
9.825924074739517528e+04
9.797443444816456758e+04
9.783527383050372009e+04
9.784413741638264037e+04
9.800083375637799327e+04
9.830260568585389410e+04
9.874403886108285224e+04
9.931689762294503453e+04
1.000099265192033636e+05
1.008086704032901762e+05
1.016953779824739468e+05
1.026490586222599377e+05
1.036457549849483330e+05
1.046590713282364450e+05
1.056609600750378013e+05
1.066227244881059451e+05
1.075161545497319166e+05
1.083146887737236393e+05
1.089944942733383505e+05
1.095353799411983200e+05
1.099214936441932805e+05
1.101417908874001587e+05
1.101902892768638703e+05
1.100661367549031420e+05
1.097735242073562113e+05
1.093214689264321059e+05
1.087234878064198274e+05
1.079971697572543490e+05
1.071636472013736202e+05
1.062469594761792687e+05
1.052733005366724537e+05
1.042701532786271418e+05
1.032653342166838411e+05
1.022860015784500283e+05
1.013577079637024872e+05
1.005035925772398041e+05
9.974379622442497930e+04
9.909514247153178439e+04
9.857107216788914229e+04
9.818176726463605883e+04
9.793437259674021334e+04
9.783322663120795914e+04
9.788003539166344854e+04
9.807395359449731768e+04
9.841156337450057617e+04
9.888676124604517827e+04
9.949058034011718701e+04
1.002109901198584266e+05
1.010327300264698424e+05
1.019372441814686463e+05
1.029027865846875648e+05
1.039047552416047838e+05
1.049162868607021373e+05
1.059091036785244505e+05
1.068545589345184708e+05
1.077247898095313722e+05
1.084938679083120660e+05
1.091388432714761293e+05
1.096406050547547056e+05
1.099845194792231196e+05
1.101608405619640835e+05
1.101649127960285550e+05
1.099971955055654689e+05
1.096631391541215271e+05
1.091729386247958028e+05
1.085411802152674209e+05
1.077863893232709524e+05
1.069304763712385029e+05
1.059980726670114673e+05
1.050157497986673843e+05
1.040111291098436050e+05
1.030119118773977098e+05
1.020448909973511909e+05
1.011350308242360916e+05
1.003047100317641889e+05
9.957320311676026904e+04
9.895643051845501759e+04
9.846695013130157895e+04
9.811411636434968386e+04
9.790431324271579797e+04
9.784117691231869685e+04
9.792574911071437236e+04
9.815653278023288294e+04
9.852944582018113579e+04
9.903768802292701730e+04
9.967155219045895501e+04
1.004182254949466005e+05
1.012616408794790477e+05
1.021824473622539081e+05
1.031581674530656164e+05
1.041635949184844649e+05
1.051714554380734771e+05
1.061533102802874200e+05
1.070806386491379526e+05
1.079260004589519813e+05
1.086641685982700874e+05
1.092731317478250567e+05
1.097348998690457374e+05
1.100360825129774312e+05
1.101682427962901711e+05
1.101280502305869304e+05
1.099172632741067500e+05
1.095425712086838321e+05
1.090153186773911002e+05
1.083511273222257587e+05
1.075694189139796217e+05
1.066928353598519898e+05
1.057465466339924023e+05
1.047574421759191464e+05
1.037532173199909012e+05
1.027613927475310338e+05
1.018083353032140440e+05
1.009183712012058386e+05
1.001130845300866349e+05
9.941086731968678941e+04
9.882673690135929792e+04
9.837237961143007851e+04
9.805633901422943745e+04
9.788425485970357840e+04
9.785907359953764535e+04
9.798117953842715360e+04
9.824842457919268054e+04
9.865605779906305543e+04
9.919657413361586805e+04
9.985951711387491378e+04
1.006312855441187276e+05
1.014950069976121013e+05
1.024305481196809560e+05
1.034147277788263746e+05
1.044217800473945827e+05
1.054240796397798404e+05
1.063930983213050640e+05
1.073005177264633385e+05
1.081193946693697508e+05
1.088252686240450421e+05
1.093971187929431471e+05
1.098181123362814396e+05
1.100761231242032227e+05
1.101640304117419291e+05
1.100798238538074365e+05
1.098265463301756099e+05
1.094121031938358938e+05
1.088489593830928061e+05
1.081537363724004827e+05
1.073467107419359527e+05
1.064512078255475208e+05
1.054928813933827769e+05
1.044988776515057689e+05
1.034969008918469626e+05
1.025142264945635252e+05
1.015767367265054054e+05
1.007080734035275091e+05
9.992899646503315307e+04
9.925700373482365103e+04
9.870621291239681887e+04
9.828745216157154937e+04
9.800847142630710732e+04
9.787418215327266080e+04
9.788685255489258270e+04
9.804621498206054093e+04
9.834946974991548632e+04
9.879119156729037059e+04
9.936316196922508243e+04
1.000541666544111067e+05
1.008498113620715594e+05
1.017324219002733589e+05
1.026810987349243951e+05
1.036719890130299318e+05
1.046788157085866842e+05
1.056736659127841558e+05
1.066279951843471208e+05
1.075137640560243453e+05
1.083045986088980717e+05
1.089768670118149312e+05
1.095105868989939627e+05
1.098901148724368832e+05
1.101046062148209021e+05
1.101482599460566125e+05
1.100203781347672775e+05
1.097252710551117343e+05
1.092720355268413841e+05
1.086742257757657208e+05
1.079494261822999688e+05
1.071187251158132422e+05
1.062060817162404273e+05
1.052375771362589294e+05
1.042405520819725934e+05
1.032426544445491454e+05
1.022708506082210952e+05
1.013504823117780470e+05
1.005044646343671193e+05
9.975270836459389830e+04
9.911180963279069692e+04
9.859499310209628311e+04
9.821224376053307788e+04
9.797053537721683097e+04
9.787406631868331169e+04
9.792443676401038829e+04
9.812073121435056964e+04
9.845949661918627680e+04
9.893462691585088032e+04
9.953718144534305611e+04
1.002551801103649923e+05
1.010734325262558559e+05
1.019734690749492729e+05
1.029336438931053126e+05
1.039294684568678495e+05
1.049342071659642825e+05
1.059197257999587455e+05
1.068575383988513058e+05
1.077199603884826647e+05
1.084812572804901138e+05
1.091186845937960461e+05
1.096133422311342874e+05
1.099508043569375004e+05
1.101215209715734818e+05
1.101210112188328203e+05
1.099498791529120499e+05
1.096136832493890397e+05
1.091226854556270700e+05
1.084914968107574823e+05
1.077386262816279923e+05
1.068859295312571921e+05
1.059579483046172099e+05
1.049811332209549437e+05
1.039829561902787100e+05
1.029909433021930890e+05
1.020316896372451738e+05
1.011299434035959857e+05
1.003078547640236357e+05
9.958446492946147919e+04
9.897546488206619688e+04
9.849319560522942629e+04
9.814681515248506912e+04
