9.162255114501372736e+04
9.166144675543866470e+04
9.209459169782653044e+04
9.292703109376216889e+04
9.413406879572143953e+04
9.565817985039549239e+04
9.740607004447329382e+04
9.924693654739350313e+04
1.010138312505029608e+05
1.025108400331493322e+05
1.035291593367874011e+05
1.038742490207045194e+05
1.034029395276520809e+05
1.020632014230914938e+05
9.992247564098011935e+04
9.716910994433669839e+04
9.408123172008054098e+04
9.097442626999573258e+04
8.815000484271171445e+04
8.586089931579977565e+04
8.429906169186465559e+04
8.359822774613431829e+04
8.384308887069947377e+04
8.507767023639069521e+04
8.730861802427395014e+04
9.050153956553664466e+04
9.457030869204731425e+04
9.936062264904518088e+04
1.046304232968268479e+05
1.100315871078836353e+05
1.151003893804613472e+05
1.192693308994908584e+05
1.219187835894663003e+05
1.224874201615968341e+05
1.206413719312384055e+05
1.164486792592016864e+05
1.104414924922517966e+05
1.034727997954620369e+05
9.643807734976494976e+04
9.005037898045315524e+04
8.476782104821574467e+04
8.083222326641983818e+04
7.834337421485640516e+04
7.732481827729864744e+04
7.776723829290614231e+04
7.964919032944749051e+04
8.293879398294250132e+04
8.758056014834754751e+04
9.347162117777850654e+04
1.004312328543763288e+05
1.081658642334595497e+05
1.162310976480459503e+05
1.239951439049867331e+05
1.306198164151654782e+05
1.350925920729376667e+05
1.363623160730471427e+05
1.336288819115141523e+05
1.267593411949279252e+05
1.166064308385937475e+05
1.048531741956077021e+05
9.331694113538748934e+04
8.327533684724791965e+04
7.531339613537611149e+04
6.953953181519835198e+04
6.583715777320934285e+04
6.402711651352595072e+04
6.394894881853069091e+04
6.549096477166271507e+04
6.858911148375595803e+04
7.320520007726269250e+04
7.929166133107914357e+04
8.675023189384721627e+04
9.539073748067808629e+04
1.048910408481418126e+05
1.147558952361087431e+05
1.242792370494704810e+05
1.325308416236451594e+05
1.384055414956439927e+05
1.407787246186296106e+05
1.387849853244674450e+05
1.321636882652318454e+05
1.215256111825063563e+05
1.083550678277510160e+05
9.462886866735616059e+04
8.215344276606080530e+04
7.201600203734924435e+04
6.452185125944220636e+04
5.950348151250212686e+04
5.663962866156859673e+04
5.563657916771460441e+04
5.629760241082710854e+04
5.852358466158647934e+04
6.227305935920120100e+04
6.750763315891976526e+04
7.414384154661097273e+04
8.201806309769459767e+04
9.086167772526347835e+04
1.002843290194761939e+05
1.097678548431473318e+05
1.186774917201117496e+05
1.262968073552326532e+05
1.318865651809480041e+05
1.347622590641431743e+05
1.343878731250191340e+05
1.304855363117064844e+05
1.231516876063824893e+05
1.129557841807641817e+05
1.009689555178000592e+05
8.862205508826971345e+04
7.732621414578674012e+04
6.802329743632384634e+04
6.103233625297339313e+04
5.627427583710719773e+04
5.356602295990598941e+04
5.275722264415975224e+04
5.372762416940814728e+04
5.635227127558158099e+04
6.048768274133155501e+04
6.596892429666918179e+04
7.260409514656435931e+04
8.016595728485651489e+04
8.838386820794919913e+04
9.693699895087142067e+04
1.054480088794596377e+05
1.134778086512370210e+05
1.205263107586432598e+05
1.260466512251342938e+05
1.294774488306722342e+05
1.302940612869452743e+05
1.280852434144914732e+05
1.226684796146697918e+05
1.142375074190407759e+05
1.034843538526065968e+05
9.158515865905645478e+04
7.994378018079466710e+04
6.975117983056453522e+04
6.167709502714029077e+04
5.592314792596586631e+04
5.244017443430989806e+04
5.106725162467894552e+04
5.159389947622300679e+04
5.380292750153515954e+04
5.749635672328453802e+04
6.249797484694556624e+04
6.863956999254196126e+04
7.574030914619396208e+04
8.358586107836301380e+04
9.191127691376967414e+04
1.003895897088755883e+05
1.086265516824162041e+05
1.161615763736139779e+05
1.224756163540041889e+05
1.270086192671148747e+05
1.291937317981814122e+05
1.285220429858140269e+05
1.246527499268773245e+05
1.175646077875532646e+05
1.077074439272361487e+05
9.606555442531110020e+04
8.401502009965166508e+04
7.293698040206659061e+04
6.379550965566841478e+04
5.700811067790784000e+04
5.260918547147622303e+04
5.044465859973663464e+04
5.028615254634481971e+04
5.189530322023778717e+04
5.505805495820876968e+04
5.959066962936172786e+04
6.532660664387526776e+04
7.209518246231134981e+04
7.969937011711389641e+04
8.789720215897052549e+04
9.638915880598835065e+04
1.048117863726118667e+05
1.127360791838317527e+05
1.196698307853856386e+05
1.250674538238612440e+05
1.283549859459521831e+05
1.289814366381270520e+05
1.265118461309026752e+05
1.207664832530883868e+05
1.119810647774657409e+05
1.009209649982444244e+05
8.883808076894820260e+04
7.717732730080066540e+04
6.712489736265411193e+04
5.932522435156706342e+04
5.394619502834347077e+04
5.088922446593802306e+04
4.994117792841859773e+04
5.085815008714000578e+04
5.341232579062673176e+04
5.740792267071516108e+04
6.267352228234045469e+04
6.904259618909514393e+04
7.633106539581382822e+04
8.431717174724253709e+04
9.272677112932399905e+04
1.012250084428669652e+05
1.094128771410358895e+05
1.168268381015384075e+05
1.229436012489951390e+05
1.271970144832980586e+05
1.290164852950039349e+05
1.279017887751841045e+05
1.235450938747199543e+05
1.159882484967865457e+05
1.057674396668098343e+05
9.395066358523321105e+04
8.195254418474134582e+04
7.111904642094690644e+04
6.233236393496365781e+04
5.593770352162288327e+04
5.192621140097183525e+04
5.011996530022325896e+04
5.028019970023731003e+04
5.216896698257014214e+04
5.557740003365845041e+04
6.032589586185845837e+04
6.624814536565534945e+04
7.316929407970885222e+04
8.088476590427190240e+04
8.914362339790680562e+04
9.763801407531830773e+04
1.059980773339622974e+05
1.137899004951583338e+05
1.205164618338668079e+05
1.256275187914759299e+05
1.285471120105321752e+05
1.287315784537272120e+05
1.257726745296172012e+05
1.195441851567870617e+05
1.103605523218803719e+05
9.907336528705179808e+04
8.699032164045657555e+04
7.554152110315313621e+04
6.583217902304443123e+04
5.841892794636967301e+04
5.341696800422279921e+04
5.070379175714129815e+04
5.005740519111014873e+04
5.123525631044577312e+04
5.401605922074076079e+04
5.821008647152261983e+04
6.364816346984087431e+04
7.016131325766390364e+04
7.755906776301466743e+04
8.561103503028453270e+04
9.403443365191071643e+04
1.024875077425741620e+05
1.105658700910875777e+05
1.178007379208941129e+05
1.236634873509486933e+05
1.275838957070348843e+05
1.289933857224636449e+05
1.274092561561349867e+05
1.225657097285329655e+05
1.145738489828089951e+05
1.040560662839751167e+05
9.215338964100064186e+04
8.029653340088692494e+04
6.977101771132052818e+04
6.136440939237158454e+04
5.535235007717101689e+04
5.169235126307750033e+04
5.019337187499788706e+04
5.061573758297791210e+04
5.272823213675892475e+04
5.633028164434327482e+04
6.124752215331618208e+04
6.731395075846019608e+04
7.435016685773602512e+04
8.214376815084806003e+04
9.043511666384279670e+04
9.890881860797466652e+04
1.071890145869181288e+05
1.148360337888232898e+05
1.213464766341545619e+05
1.261640353593910986e+05
1.287105279452725954e+05
1.284520967294261209e+05
1.250121113278644480e+05
1.183232577751808276e+05
1.087818039471236116e+05
9.732266426115343347e+04
8.529772445849608630e+04
7.410598701883445028e+04
6.476265933862816746e+04
5.773872665256859909e+04
5.310138495980780863e+04
5.070765016670923069e+04
5.033071026132719271e+04
5.173366618295555963e+04
5.470512088540160039e+04
5.906374885542982520e+04
6.464414136704269185e+04
7.127565669773958507e+04
7.876171598049775639e+04
8.686361837551678764e+04
9.529059911926044151e+04
1.036941655736849934e+05
1.116631717627281614e+05
1.187211272868081578e+05
1.243315675718307757e+05
1.279185998296198668e+05
1.289169965074083302e+05
1.268662884267195623e+05
1.215490159666352702e+05
1.131508473946469603e+05
1.023812125317523460e+05
9.044694281662398134e+04
7.878013492691348074e+04
6.859324286616066820e+04
6.057779947981147416e+04
5.494420318134527770e+04
5.161923918214256992e+04
5.040143465015808033e+04
5.105392347927176161e+04
5.335570797115025925e+04
5.711725463655599742e+04
6.217166511666838051e+04
6.835500692727927526e+04
7.548470525092673779e+04
8.334172908900132461e+04
9.165868648855204810e+04
1.001126371613570955e+05
1.083196428975592135e+05
1.158305679116659012e+05
1.221320881052805780e+05
1.266592277401572501e+05
1.288316091253891063e+05
1.281290733910213312e+05
1.242131187163957511e+05
1.170820885330894962e+05
1.072179628868777072e+05
9.563589858885266585e+04
8.371975951176024682e+04
7.282224028111399093e+04
6.386231437755631487e+04
5.722850451897341554e+04
5.294357075309634820e+04
5.084647072565908456e+04
5.070878812663198187e+04
5.230254700096154556e+04
5.542891486304986029e+04
5.991733373922185274e+04
6.560857331930279906e+04
7.233296553290453448e+04
7.989052215635225002e+04
8.803645896564598661e+04
9.647231470451431233e+04
1.048395751214056654e+05
1.127150585922309401e+05
1.196101269312443183e+05
1.249767550245391030e+05
1.282317158283960598e+05
1.288158563648848503e+05
1.262972403717785928e+05
1.205144471961407980e+05
1.117338978212393849e+05
1.007527607108980883e+05
8.883539911557947926e+04
7.739998500269847864e+04
6.757465341822519258e+04
5.995511353843148390e+04
5.469086834699278552e+04
5.168067927634154330e+04
5.071530931607272942e+04
5.156383287754481717e+04
5.401801284552471770e+04
5.790147953067550407e+04
6.305746199985728890e+04
6.932787765797025349e+04
7.653166296132068965e+04
8.444717447213194100e+04
9.279967833386463462e+04
1.012540269111178932e+05
1.094115903103640157e+05
1.168084192283102166e+05
1.229162655056014919e+05
1.271580845066007460e+05
1.289527756554370717e+05
1.277998932000459899e+05
1.234071233580226981e+05
1.158461135731877439e+05
1.056885526691721898e+05
9.402582972640516527e+04
8.226053898495098110e+04
7.168458776620792923e+04
6.311644228879143338e+04
5.686593752638061414e+04
5.291485032611173665e+04
5.108670271332513221e+04
5.115434902559949114e+04
5.290105326872716978e+04
5.614265555050635157e+04
6.072245864982052444e+04
6.649230016599677037e+04
7.328974717586599581e+04
8.091641340183035936e+04
8.912136342446744675e+04
9.759272650076645368e+04
1.059550924452046747e+05
1.137674405505081813e+05
1.205221112714806368e+05
1.256540448858558666e+05
1.285733378221403982e+05
1.287328036591533601e+05
1.257372566575457604e+05
1.194897357679937122e+05
1.103434344863356528e+05
9.918325970463690464e+04
8.732176868816235219e+04
7.614773118927757605e+04
6.669559882590157213e+04
5.946701913022244844e+04
5.455482219824322237e+04
5.183229592215683078e+04
5.108503115153115505e+04
5.209075992523710011e+04
5.465673393061397655e+04
5.862366502370725357e+04
6.385086202047263941e+04
7.019270156682694505e+04
7.747333940481858735e+04
8.546692382428531710e+04
9.388654358754465648e+04
1.023797128948763566e+05
1.105260848158004665e+05
1.178371498832513462e+05
1.237628976557614515e+05
1.277147922314896423e+05
1.291171191066342144e+05
1.274972815391799959e+05
1.226175702396143024e+05
1.146302585906812164e+05
1.041997668014380179e+05
9.248844605819124263e+04
8.090396356148617633e+04
7.066436192794998351e+04
6.248510279277490918e+04
5.660129267239077308e+04
5.295691403010948125e+04
5.136283480731753662e+04
5.159664751945382159e+04
5.345707494399222924e+04
5.678013005076493573e+04
6.142905122772535833e+04
6.727094694407723728e+04
7.415110900565839256e+04
8.187075714986318781e+04
9.017056497965518793e+04
9.872129759438586188e+04
1.071216695896924793e+05
1.149010665466998325e+05
1.215259560783049674e+05
1.264156723124024138e+05
1.289798691186163196e+05
1.286910124645703036e+05
1.251986254799293820e+05
1.184775826613223035e+05
1.089729185594909504e+05
9.765625189790638979e+04
8.587786703755903000e+04
7.498208285909119877e+04
6.590242657696954848e+04
5.904893180727596337e+04
5.446156809167574102e+04
5.199182042704118066e+04
5.142544800934594241e+04
5.255522854075052601e+04
5.520997993898668938e+04
5.925147699942076724e+04
6.455550356731322972e+04
7.098693564187400625e+04
7.837384234661675873e+04
8.648528812519897474e+04
9.501744138382379606e+04
1.035900803129115811e+05
1.117505678565928247e+05
1.189814396268184646e+05
1.247130903817112412e+05
1.283510155018539663e+05
1.293312892637807527e+05
1.272160368147432600e+05
1.218294947500592971e+05
1.134107084865657525e+05
1.027185386344315921e+05
9.098000139236457471e+04
7.959381081852936768e+04
6.969219167630218726e+04
6.188685242734949861e+04
5.634342211998110724e+04
5.297379594661776355e+04
5.158329529392223048e+04
5.196194912829210080e+04
5.392900351421385858e+04
5.734097953476088878e+04
6.207821845381533785e+04
6.802076086234660761e+04
7.502031616408143600e+04
8.287437777405393717e+04
9.130827147233177675e+04
9.996754854394163704e+04
1.084199588818477350e+05
1.161641115047505155e+05
1.226423554342663701e+05
1.272618520496230049e+05
1.294365644792526582e+05
1.286643898010171106e+05
1.246459498187236604e+05
1.174344856840336724e+05
1.075710454820196028e+05
9.611115283163345885e+04
8.443112248475632805e+04
7.381720814635130228e+04
6.509799671552069049e+04
5.859738072423415724e+04
5.431060744250278367e+04
5.207617359994818980e+04
5.168681114934034122e+04
5.295189798578429327e+04
5.571939047111042601e+04
5.986909979962005309e+04
6.529010777855584456e+04
7.185277196196431760e+04
7.938217740980621602e+04
8.763638682826378499e+04
9.629261261336512689e+04
1.049440931287145067e+05
1.131072857301199692e+05
1.202363074902962107e+05
1.257430220627553936e+05
1.290294294128358451e+05
1.295476068302758067e+05
1.269003694140752050e+05
1.209802114678909129e+05
1.121177512526450882e+05
1.011669507294940850e+05
8.941229908155721205e+04
7.823039501682024274e+04
6.866059278681808792e+04
6.121660048899598041e+04
5.600444797298325284e+04
5.291107184593602869e+04
5.173955519006343820e+04
5.229193810381149524e+04
5.440539562853366806e+04
5.795292315593289095e+04
6.282565639947229647e+04
6.890812091516311921e+04
7.605119684950022202e+04
8.404674051938248158e+04
9.260820170682678872e+04
1.013609097815906134e+05
1.098445294402789295e+05
1.175267899102954107e+05
1.238248030974260182e+05
1.281341662332068372e+05
1.298760744387632876e+05
1.285782107794628537e+05
1.239980751295490336e+05
1.162732483726916689e+05
1.060437842910248874e+05
9.444626738361075695e+04
8.287418598211645440e+04
7.254818381848755234e+04
6.419445284236420412e+04
5.805844431940247159e+04
5.409476688207699044e+04
5.212924984430777113e+04
5.196061818337561272e+04
5.341244873174629902e+04
5.634595733645880682e+04
6.064950836663864902e+04
6.621676223162787210e+04
7.292021816179501184e+04
8.058419045310431102e+04
8.896088911714570713e+04
9.771395706926997809e+04
1.064136372699994390e+05
1.145462769938030833e+05
1.215363764676206047e+05
1.267760214757930662e+05
1.296645110331570177e+05
1.296734913440819073e+05
1.264515050594600179e+05
1.199652332297357207e+05
1.106429350599763275e+05
9.943627478089643409e+04
8.768327341883558256e+04
7.673078127066939487e+04
6.752209159707618528e+04
6.047438868985330191e+04
5.563429396413607174e+04
5.286412301824369933e+04
5.196522517267487274e+04
5.274767738940543495e+04
5.505774558064022858e+04
5.877635576076220605e+04
6.380134986915138143e+04
7.002206019896257203e+04
7.729141483912641706e+04
8.539948088046604244e+04
9.405196763142281270e+04
1.028578411492890446e+05
1.113309405435826484e+05
1.189079876071649342e+05
1.249795666709487414e+05
1.289292080665250105e+05
1.301868875058203121e+05
1.283147569276743743e+05
1.231344854516892956e+05
1.148763900604326918e+05
1.042870196848164196e+05
9.258495124133427453e+04
8.117101353974822268e+04
7.118721280393832421e+04
6.325241994338450604e+04
5.753513358964549116e+04
5.395074639362084417e+04
5.231073663332639262e+04
5.241419690219835320e+04
5.409204186554853368e+04
5.721450342829433794e+04
6.167810416863144928e+04
6.738290797898966412e+04
7.420542232778960897e+04
8.197063497682454181e+04
9.042682295925050857e+04
9.922718442543449055e+04
1.079226567696810525e+05
1.159718224833403219e+05
1.227694825847299071e+05
1.276871145429006428e+05
1.301225334977696621e+05
1.295714719309906504e+05
1.257368507426173164e+05
1.186711682105541113e+05
1.089091133259684575e+05
9.749917376431533194e+04
8.581992117169173434e+04
7.517101681286767416e+04
6.639154099400280393e+04
5.980346265886323818e+04
5.539472424510878773e+04
5.299972833062630525e+04
5.241306936111194227e+04
5.345018828570454934e+04
5.596753519734731526e+04
5.985610794427383371e+04
6.502119642362466402e+04
7.135649620586838864e+04
7.871648943578633771e+04
8.688967879973840900e+04
9.557545118806402024e+04
1.043696901605814055e+05
1.127651424237291067e+05
1.201714444431745796e+05
1.259545547215500119e+05
1.294880796288130805e+05
1.302164959848744184e+05
1.277455314422838710e+05
1.219699689133139909e+05
1.132174459761186154e+05
1.023373398277435626e+05
9.061762475118899602e+04
7.945045244743394142e+04
6.988930015603768697e+04
6.244350721132630133e+04
5.720153219492979406e+04
5.403581161219807836e+04
5.274433572986188665e+04
5.313050495694183337e+04
5.503564330580829119e+04
5.834030718640886334e+04
6.294910471638578747e+04
6.876697718012827681e+04
7.567186677693972888e+04
8.348695226159728190e+04
9.195594899237221398e+04
1.007243905533315847e+05
1.093308654244927457e+05
1.172158595828994730e+05
1.237530113212990691e+05
1.282989698362635099e+05
1.302546623470083869e+05
1.291437373808091070e+05
1.247248111635912064e+05
1.171346227082650439e+05
1.070116120816110051e+05
9.549572280569946452e+04
8.399334790038688516e+04
7.373994737659214297e+04
6.545946030648067972e+04
5.937604462528785371e+04
5.542161475497778883e+04
5.340881050491154747e+04
5.313220324818084919e+04
5.441718929984788701e+04
5.713126108805747936e+04
6.117331246205811476e+04
6.645259806558879791e+04
7.286300190975796431e+04
8.025632812481615110e+04
8.841699915199380484e+04
9.704059421092925186e+04
1.057202664197514532e+05
1.139445440254971327e+05
1.211128223530274117e+05
1.265751953561590199e+05
1.296938227893993026e+05
1.299207534089061373e+05
1.268996466673090181e+05
1.205975903838725208e+05
1.114410366799967742e+05
1.003790324736106704e+05
8.875473559487481543e+04
7.792926809738033626e+04
6.885231954146150383e+04
6.192398443046745524e+04
5.716207783322212345e+04
5.440769709004444303e+04
5.345372725203438313e+04
5.411054056927641795e+04
5.622895472314588551e+04
5.969686951008062897e+04
6.442198459462128085e+04
7.030795011275509023e+04
7.722823485221041483e+04
8.500129770721595560e+04
9.337063322869477270e+04
1.019894912926746474e+05
1.104087084759105055e+05
1.180726275106209505e+05
1.243402169813238579e+05
1.285442057566599397e+05
1.300749790225602919e+05
1.284760345690210088e+05
1.235609130378243717e+05
1.155514690372751211e+05
1.051840436746600171e+05
9.367366004246525699e+04
8.243307095352651959e+04
7.262067565449383983e+04
6.485026684607104835e+04
5.926229742326122505e+04
5.574485098631693836e+04
5.409655954633958027e+04
5.411466931236356322e+04
5.563199024493209436e+04
5.852116961909979727e+04
6.268184008369708317e+04
6.801985089381680882e+04
7.442343597912970290e+04
8.174045503430416284e+04
8.975939663789275801e+04
9.819384889295982430e+04
1.066646470266106917e+05
1.146784959940430854e+05
1.216262906782441860e+05
1.268282259368548257e+05
1.296190513345379732e+05
1.294480806521206250e+05
1.259902439062706108e+05
1.192774495603103132e+05
1.098262764430535317e+05
9.867575826464664715e+04
8.721247912995939259e+04
7.675769018153392244e+04
6.816157423929886136e+04
6.173036939723502292e+04
5.742538511770793411e+04
5.506326140649308945e+04
5.443129328852019535e+04
5.534146624434317346e+04
5.764634910417085484e+04
6.123241452201474749e+04
6.600200324655348959e+04
7.185196884907297499e+04
7.865376984247093787e+04
8.623731913965816784e+04
9.437638086493784795e+04
1.027660858076207369e+05
1.109883907147389546e+05
1.184868154392838333e+05
1.245877438033286162e+05
1.285795443182788003e+05
1.298225806042892364e+05
1.278643546751190443e+05
1.225639056032365770e+05
1.142245887718079466e+05
1.036795122186463705e+05
9.221607971969762002e+04
8.124894867804547539e+04
7.186233381723960338e+04
6.457452447338763159e+04
5.945651048433322285e+04
5.635765171094865218e+04
5.505945999527358799e+04
5.535272281679993466e+04
5.706563096662046155e+04
6.006491332883375435e+04
6.424374026391290681e+04
6.950397403633355862e+04
7.573850547677617578e+04
8.281719529656939267e+04
9.057310891124613408e+04
9.877601087563170586e+04
1.070852489205844322e+05
1.150059039622970304e+05
1.218896079753052327e+05
1.269985212519219494e+05
1.296166375013857905e+05
1.291745312581009639e+05
1.253725849340213754e+05
1.183105972983278189e+05
1.086012060736898857e+05
9.737577193016912497e+04
8.606315278870280599e+04
7.594884223873443261e+04
6.779873855827887019e+04
6.183941612486992381e+04
5.797631291569065797e+04
5.599103441152123560e+04
5.565050266345588898e+04
5.675475450540212478e+04
5.914825844754443096e+04
6.271250055177366448e+04
6.735222276340822282e+04
7.298150829423655523e+04
7.951121388525114162e+04
8.683148678987070161e+04
9.477691909379653225e+04
1.030737561349308380e+05
1.112912965754735487e+05
1.188265083421316958e+05
1.249435476618841203e+05
1.288711711953425547e+05
1.299332799478630623e+05
1.276812679158517130e+05
1.220235532836482307e+05
1.133505611933736363e+05
1.025987394114547496e+05
9.113587007956134039e+04
8.039042307474729023e+04
7.138835399963027157e+04
6.456034008706756867e+04
5.989857233625761728e+04
5.719503564069746790e+04
5.619484112418075529e+04
5.666816340144915011e+04
5.843501623420922988e+04
6.136566228463051084e+04
6.536989183971735474e+04
7.038404588424484245e+04
7.635676817381368892e+04
8.322504617128420796e+04
9.087326341618399601e+04
9.908179197964230843e+04
1.074811293194061291e+05
1.155270957166910230e+05
1.225146007117076806e+05
1.276471383929346048e+05
1.301598264282133459e+05
1.294644321477867779e+05
1.252883356302600441e+05
1.178065277080630040e+05
1.077428914337334427e+05
9.634442452833270363e+04
8.510775926047196845e+04
7.529647413947970199e+04
6.758314343845024996e+04
6.208731915323853900e+04
5.862958377997285424e+04
5.693844112068010872e+04
5.675752180540319387e+04
5.788594139469015499e+04
6.018383340866076469e+04
6.356547447958840348e+04
6.798772342585903243e+04
7.342994369868648937e+04
7.986080685126938624e+04
8.719582518550058012e+04
9.525532016637422203e+04
1.037262707654106052e+05
1.121308480368251767e+05
1.198169810299036908e+05
1.259960366456649062e+05
1.298436340691570367e+05
1.306484587315686513e+05
1.279697861576795112e+05
1.217820515432259854e+05
1.125970861335878872e+05
1.015006825824510161e+05
8.997557625944656320e+04
7.945954364480993536e+04
7.087691076676486409e+04
6.452034781167670008e+04
6.027282162825141131e+04
5.786387376562218560e+04
5.701774155047669774e+04
5.751381793414926506e+04
5.920305334637543274e+04
6.200446766030958679e+04
6.588898255815431185e+04
7.085078137645701645e+04
7.687045798258796276e+04
8.387945338506124972e+04
9.172777873686800012e+04
1.001511207679425861e+05
1.087375211685641407e+05
1.169035478672194877e+05
1.239019993853600026e+05
1.288901849612238730e+05
1.310680173185568274e+05
1.298515908752137329e+05
1.250358438609267469e+05
1.169270134356888302e+05
1.064131728960360342e+05
9.487447339119944081e+04
8.383210826654259290e+04
7.444445600046339678e+04
6.722491268580894393e+04
6.216714430257992353e+04
5.902637215000923607e+04
5.751707418294037780e+04
5.740364419914413156e+04
5.852929492201469111e+04
6.081279136385550373e+04
6.422446390360125224e+04
6.875256383777252631e+04
7.437204381542974443e+04
8.101796574289888667e+04
8.856045863717915199e+04
9.677772193280613283e+04
1.053244621681992867e+05
1.136999989366219379e+05
1.212338761205493211e+05
1.271194784474687767e+05
1.305206396574890678e+05
1.307397633046246337e+05
1.273976248738817521e+05
1.205843814304640546e+05
1.109587142694720824e+05
9.972880961875496723e+04
8.840725241761576035e+04
7.833983145514874195e+04
7.029169995749929512e+04
6.442140100883004925e+04
6.054426431433887046e+04
5.838175601224632555e+04
5.769162656352655904e+04
5.830829096116754226e+04
6.013429298380621913e+04
6.311470924444100092e+04
6.721200297507057257e+04
7.238390323321543110e+04
7.856356127367296722e+04
8.564084117835701909e+04
9.344176112717205251e+04
1.017009418024941988e+05
1.100232544772321562e+05
1.178462323180974927e+05
1.244356433584389306e+05
1.289523119546662201e+05
1.306030133662223234e+05
1.288381139572975517e+05
1.235301069329017482e+05
1.150934547480067122e+05
1.045158046696278616e+05
9.321618735110941634e+04
8.265476754981155682e+04
7.384874766345824173e+04
6.717444107490357419e+04
6.255760050114571641e+04
5.975550475468781224e+04
5.852220849348606862e+04
5.866288963826885447e+04
6.003761131785217003e+04
6.254916051184943353e+04
6.612699778167282057e+04
7.071257444157292775e+04
7.624792862471740227e+04
8.266487915076717036e+04
8.986495421473165334e+04
9.767893027160291967e+04
1.058113940980972402e+05
1.137920152698910388e+05
1.209580355911456427e+05
1.264945482627249148e+05
1.295548322921706422e+05
1.294472403287400521e+05
1.258299593831735547e+05
1.188600250631337549e+05
1.092705947586145630e+05
9.831540744096002891e+04
8.748192521475021204e+04
7.801155209149404254e+04
7.054889389514979848e+04
6.518874239210025553e+04
6.174179983684683248e+04
5.994374021965313295e+04
5.955170057598227140e+04
6.037330035808771208e+04
6.226854144726037339e+04
6.514569284587558650e+04
6.895804339308144699e+04
7.369735935921827331e+04
7.936972153706471727e+04
8.594788204583548941e+04
9.331907646345984540e+04
1.012431403482742608e+05
1.093188867702042771e+05
1.169639282471818296e+05
1.234264926409227337e+05
1.278554014133492310e+05
1.294482335904382053e+05
1.276549736177851446e+05
1.223682140464055119e+05
1.140455972016733285e+05
1.037244800488538749e+05
9.284374632353684865e+04
8.282073015967145329e+04
7.458365685488628515e+04
6.843120015103809419e+04
6.424357187035479001e+04
6.174210570224916592e+04
6.064007244096408249e+04
6.070588325283185259e+04
6.178609656931433710e+04
6.381265225687906786e+04
6.679544067793434078e+04
7.078778498387840227e+04
7.583117301611514995e+04
8.190919972052480443e+04
8.892136077900083910e+04
9.666404660898454313e+04
1.048070428910691262e+05
1.128625253008992731e+05
1.201615133404768567e+05
1.258762964043819811e+05
1.291286136335631891e+05
1.291848715046105499e+05
1.256800014089489559e+05
1.187925239093299315e+05
1.093211688574580621e+05
9.859303113864199258e+04
8.811578229549531534e+04
7.906497377419375698e+04
7.197351208494625462e+04
6.683767583460734750e+04
6.340361118349104072e+04
6.137971949503620272e+04
6.054044991852920793e+04
6.076402682006692339e+04
6.202816272227170703e+04
6.437082303183393378e+04
6.783720234678385896e+04
7.244219664890678541e+04
7.815432244037470082e+04
8.488755255868496897e+04
9.248578100995281420e+04
1.006902770320890559e+05
1.090938547975952970e+05
1.171013940446160414e+05
1.239258103171500989e+05
1.286561046490210283e+05
1.304233211184744578e+05
1.286380844315727882e+05
1.232161992928747059e+05
1.147073713747851725e+05
1.042655685552638024e+05
9.339199973231274635e+04
8.345624467320012627e+04
7.526199593616039783e+04
6.899924040502271964e+04
6.450781725030246162e+04
6.154003961567512306e+04
5.989989255718361528e+04
5.948123157902549428e+04
6.024723665500578500e+04
6.219202897714124992e+04
6.531390707063471928e+04
6.960342007857050339e+04
7.503439638831137563e+04
8.154789021094568307e+04
8.902555187740990368e+04
9.725377077642470249e+04
1.058814657651266607e+05
1.143784297166593024e+05
1.220140698236325115e+05
1.278900121165506280e+05
1.310666903757008986e+05
1.307912991927670955e+05
1.267525876234383031e+05
1.192513702460996574e+05
1.092273428394749790e+05
9.809731844459746208e+04
8.735714917220643838e+04
7.808761342785520537e+04
7.073431689271455980e+04
6.528481726080072258e+04
6.155245621309976559e+04
5.934435774106962344e+04
5.851361320598626480e+04
5.896046601297313464e+04
6.062408310261826409e+04
6.347383399007633852e+04
6.749655456254375167e+04
7.267731849084094574e+04
7.897362728391074052e+04
8.628600451001204783e+04
9.442692887509956199e+04
1.030855609360443777e+05
1.117888370338564418e+05
1.198715635038930341e+05
1.264882853144693217e+05
1.307077526835470635e+05
1.317025249392050900e+05
1.289865741708002170e+05
1.226132753559018020e+05
1.132664594023569080e+05
1.021957253244197491e+05
9.092789438351850549e+04
8.078556448983184237e+04
7.251100985630035575e+04
6.628114030814899888e+04
6.196373579953293665e+04
5.933338961568140803e+04
5.817949960950324021e+04
5.834652664148105396e+04
5.974037510476326861e+04
6.231851589422094548e+04
6.606943941305387125e+04
7.098254837493308878e+04
7.701661959641143039e+04
8.407441587392528891e+04
9.198040106368284614e+04
1.004536066671981243e+05
1.090749133042594476e+05
1.172617954831275420e+05
1.242701457932920603e+05
1.292462039841650258e+05
1.313516162586179271e+05
1.299588712693322741e+05
1.248704125321952451e+05
1.164866727985088510e+05
1.058410213269907545e+05
9.441719929859992408e+04
8.371295322937672609e+04
7.474666262827361061e+04
6.788773821833640977e+04
6.306178391550694505e+04
6.002549131922879315e+04
5.853145458061170211e+04
5.839300127965372667e+04
5.949676517142846569e+04
6.178951920276027522e+04
6.524922862243201962e+04
6.985149701111031754e+04
7.554307511644845363e+04
8.222306555533324718e+04
8.972590110573504353e+04
9.780262108701169200e+04
1.060996157063963765e+05
1.141357074864617607e+05
1.212870292828437232e+05
1.268011975540772110e+05
1.298674599381606095e+05
1.297639135897425876e+05
1.260806766276038979e+05
1.189496589141305740e+05
1.091567725886538683e+05
9.804209682297815743e+04
8.714414337985185557e+04
7.768765191045952088e+04
7.026126419743213046e+04
6.491077570478750567e+04
6.142464910265608341e+04
5.954575246163258998e+04
5.906682027677114820e+04
5.985352472650656273e+04
6.182979735775813606e+04
6.494823319493654708e+04
6.916186168118141359e+04
7.440345822366511857e+04
8.057050749558694952e+04
8.751272078734503884e+04
9.502051367245100846e+04
1.028110767765739147e+05
1.105073746434711356e+05
1.176113288634240598e+05
1.234871531692673889e+05
1.273858332947268791e+05
1.285488291463097121e+05
1.264097208703540964e+05
1.208396156423881475e+05
1.123180232397949731e+05
1.019340703251331870e+05
9.115362917139779893e+04
8.135543587475572713e+04
7.338400855539579061e+04
6.747075820671994006e+04
6.347937299376280134e+04
6.116289940973162447e+04
6.029754194380174158e+04
6.072009546601150942e+04
6.232012713114276994e+04
6.501906669776019407e+04
6.874832668190308323e+04
7.343025624479612452e+04
7.896436460440247902e+04
8.522081936880304420e+04
9.203782621211245714e+04
9.921158752058628306e+04
1.064695860681110498e+05
1.134311646387601213e+05
1.195726501172635762e+05
1.242249967357098358e+05
1.266375168559441663e+05
1.261302933604242135e+05
1.223214970392329560e+05
1.153564345871911501e+05
1.060206453503663215e+05
9.562872309059549298e+04
8.564039644262725778e+04
7.715008342519606231e+04
7.062705862862884533e+04
6.606064509907578758e+04
6.323646044579035515e+04
6.191439849743213563e+04
6.189761243514851230e+04
6.304234783789530775e+04
6.524277337980180164e+04
6.841003622680051194e+04
7.245685542755799543e+04
7.729213776299353049e+04
8.282067155606394226e+04
8.893758069523650920e+04
9.550973007910297019e+04
1.023440010716911056e+05
1.091484813360140251e+05
1.154956971526415291e+05
1.208051029070655350e+05
1.243683423959228094e+05
1.254429339764269534e+05
1.234392856491816929e+05
1.181817612747277744e+05
1.101223870845925558e+05
1.003506466983358841e+05
9.031592794292581675e+04
8.132523022746830247e+04
7.412645998701830104e+04
6.888985728415008634e+04
6.546369077425904106e+04
6.360406327485694783e+04
6.308559762691756623e+04
6.373124818637546559e+04
6.540634597982758714e+04
6.800400372681944282e+04
7.143535466062412888e+04
7.562660117451105907e+04
8.051578769904360524e+04
8.603944362215924775e+04
9.210804262635551277e+04
9.857683840868780680e+04
1.052161145645941288e+05
1.116819356218086032e+05
1.174891604576798709e+05
1.220004402768299624e+05
1.244628523331680626e+05
1.241419923034925159e+05
1.205814310453970538e+05
1.138928088505988126e+05
1.048889352138858958e+05
9.493026596915154369e+04
8.547755340685938427e+04
7.756760422431952611e+04
7.160368516864141566e+04
6.753562856615280907e+04
6.512783007394717424e+04
6.412390748302894644e+04
6.431052472505062906e+04
6.552606436273990403e+04
6.764950985132336791e+04
7.059028499893681146e+04
7.428342904557037400e+04
7.868142356784854201e+04
8.373665322789062338e+04
8.937907386633269198e+04
9.549519902595884923e+04
1.019068169594552455e+05
1.083429679665409058e+05
1.144070345733941795e+05
1.195477819848777290e+05
1.230518953744514292e+05
1.241176814346140163e+05
1.220825678545417468e+05
1.167556509628635249e+05
1.086583712125982129e+05
9.899071723834631848e+04
8.926947727040734026e+04
8.077150653170944133e+04
7.415210538216952409e+04
6.949676843927708978e+04
6.659982310009367939e+04
6.518398543315938150e+04
6.500217450739761262e+04
6.586571298701441265e+04
6.763816231442365097e+04
7.021968876525491942e+04
7.353613370536090224e+04
7.753251862492450164e+04
8.216138736219053681e+04
8.736448392915156728e+04
9.305382406302349409e+04
9.909236978077913227e+04
1.052735615263816726e+05
1.112942660962430673e+05
1.167100248435348767e+05
1.208876903786024050e+05
1.230295698106680211e+05
1.223574260091951874e+05
1.184396572079849575e+05
1.114969649106692232e+05
1.024820605026887933e+05
9.283643341138843971e+04
8.398206040377248428e+04
7.682636491889013269e+04
7.164246298933714570e+04
6.829791573481036176e+04
6.651579119686357444e+04
6.602189002350896772e+04
6.659724100076394097e+04
6.807936924764720607e+04
7.034637020054194727e+04
7.330539041322599223e+04
7.688820280848392576e+04
8.104418907763056632e+04
8.572563446481274150e+04
9.087102221206881222e+04
9.639179782942644670e+04
1.021563254026189679e+05
1.079555632238279504e+05
1.134410013115968613e+05
1.180597123739438684e+05
1.210589886160383612e+05
1.216284340133170190e+05
1.191751032593564014e+05
1.136303285756496916e+05
1.056265748731470958e+05
9.640828275612386642e+04
8.743795392825789168e+04
7.985492367581221333e+04
7.416771657270316791e+04
7.036731135448616988e+04
6.820568180632374424e+04
6.739003320728770632e+04
6.766562439289553731e+04
6.883512246437586145e+04
7.075180591315121274e+04
7.330772702901439334e+04
7.642626311704517866e+04
8.005662843398202676e+04
8.416443864711433707e+04
8.872090504268801305e+04
9.369156875345041044e+04
9.901276879072561860e+04
1.045425867828132614e+05
1.099929474922947702e+05
1.148790788952668081e+05
1.185318500956218195e+05
1.201934427424916648e+05
1.191946921427413763e+05
1.152079963131374097e+05
1.085052026940740179e+05
1.000412059223658725e+05
9.120963099618180422e+04
8.332167933558129880e+04
7.714498461588121427e+04
7.284814199887968425e+04
7.024744057219428942e+04
6.904545555384918407e+04
6.895585801462471136e+04
6.974878425607505778e+04
7.125603475143547985e+04
7.335890506158249627e+04
7.597599994038759905e+04
7.905904468152036134e+04
8.259215789768578543e+04
8.658453583361473284e+04
9.104841734110644029e+04
9.595865471540036378e+04
1.012004165507851139e+05
1.065227322820376721e+05
1.115195119921873556e+05
1.156446541114081774e+05
1.182476650262962066e+05
1.186438752429557935e+05
1.162948242940756318e+05
1.111142097432795563e+05
1.037050008365987742e+05
9.528284940877018380e+04
8.724032773714802170e+04
8.059571538340132975e+04
7.574287428423673555e+04
7.260766508438570600e+04
7.091623708745624754e+04
7.036848342856841919e+04
7.071085784047913330e+04
7.175288567578057700e+04
7.336194240277995414e+04
7.545615962125723308e+04
7.800162170483345108e+04
8.100707679854212620e+04
8.450628519566178147e+04
8.852682861937921552e+04
9.305069035018954310e+04
9.797603124871908221e+04
1.030962132248964481e+05
1.081016311118895392e+05
1.125818283233355323e+05
1.160029136150012491e+05
1.176966424326480483e+05
1.169772147334856127e+05
1.134457804309692001e+05
1.073284429900381656e+05
9.957028871444739343e+04
9.153754728701154818e+04
8.445517492677821429e+04
7.897890215037384769e+04
7.520179301936362754e+04
7.291414808003435610e+04
7.182074999651833787e+04
7.164687531805659819e+04
7.217807109330003732e+04
7.327102241194681847e+04
7.485072217095051019e+04
7.689930868608551100e+04
7.943872785240164376e+04
8.250767939306920744e+04
8.613187573765190609e+04
9.029244872388275689e+04
9.490532672247303708e+04
9.981831450825087086e+04
1.048133366540930147e+05
1.095878189200932102e+05
1.137022656863206648e+05
1.165305552076182648e+05
1.173159124583073717e+05
1.154261761504693277e+05
1.107329733067444031e+05
1.038531675995520927e+05
9.601880039461354318e+04
8.858100613530054397e+04
8.246219120152256801e+04
7.797182668386903242e+04
7.500078583382425131e+04
7.327687406091704906e+04
7.251777350525994552e+04
7.249729884573783784e+04
7.306744522135908483e+04
7.415718013845662063e+04
7.575595673512072244e+04
7.788928634884371422e+04
8.059229499146711896e+04
8.388387933754237019e+04
8.774450158759963233e+04
9.210549790878877684e+04
9.685315943898975092e+04
1.018307361228456430e+05
1.068138883912452002e+05
1.114494324482944357e+05
1.151823149608086242e+05
1.172595188827894890e+05
1.169144209138437727e+05
1.137218415449241293e+05
1.079359434901981585e+05
1.005421539914597815e+05
9.289950499110773671e+04
8.615740358218824258e+04
8.088170330860574904e+04
7.712034892428733292e+04
7.466590173006981786e+04
7.325346543050926994e+04
7.265710612530134676e+04
7.272448210484308947e+04
7.337834879990806803e+04
7.460022197564758244e+04
7.640649905579244660e+04
7.882271926860777603e+04
8.185658536795861437e+04
8.547854423496703384e+04
8.962458321754660574e+04
9.421115593493290362e+04
9.913421677053990425e+04
1.042378073860938894e+05
1.092494539543366409e+05
1.136974762233845540e+05
1.168757790287268581e+05
1.179539786923817446e+05
1.162721301494478830e+05
1.117205785917244502e+05
1.049591864807783422e+05
9.724537534061849874e+04
8.990022847153310431e+04
8.378014254402584629e+04
7.915196693869841693e+04
7.591155323315398709e+04
7.382704534964755294e+04
7.267480816871640855e+04
7.229113355384123861e+04
7.257925383938726736e+04
7.349776251990778837e+04
7.504266777191653091e+04
7.722217715362961462e+04
8.002930736528374837e+04
8.343201101901399670e+04
8.738392411772234482e+04
9.183427952972427011e+04
9.671905461687339994e+04
1.019275967941843555e+05
1.072424043103319127e+05
1.122583126435251324e+05
1.163273947497724002e+05
1.186119691934333969e+05
1.183039132933898363e+05
1.149892803474788670e+05
1.089850801217688568e+05
1.013624060143616807e+05
9.352610105988904252e+04
8.659999829020822654e+04
8.110207390039069287e+04
7.706622573562330217e+04
7.431139225611859001e+04
7.262162757137988228e+04
7.181928672514369828e+04
7.178197731789373211e+04
7.243999247569942963e+04
7.376322295675116766e+04
7.573880908046118566e+04
7.835269322352619201e+04
8.158417717705905670e+04
8.540719500402109406e+04
8.978898957687916118e+04
9.467954569050898135e+04
9.998626799866283545e+04
1.055249285485879227e+05
1.109445281061879359e+05
1.156625984301879362e+05
1.188794314345409948e+05
1.197282803074602853e+05
1.175852217225248605e+05
1.124504567063836585e+05
1.051330174964727339e+05
9.699494180072727613e+04
8.935474924978241324e+04
8.299920939557149541e+04
7.814887070314488665e+04
7.470848627668111294e+04
7.248441901883481478e+04
7.128824267900304403e+04
7.097123457818168390e+04
7.142765143668958626e+04
7.258917603243340272e+04
7.442033929851265566e+04
7.690763608872209443e+04
8.004181393437486258e+04
8.380483938395421137e+04
8.816568875221953203e+04
9.307669760247279191e+04
9.845530516825978702e+04
1.041374110830583377e+05
1.098081694474983815e+05
1.149443772262816929e+05
1.188116773246953962e+05
1.205568205794605892e+05
1.194436497791942238e+05
1.152140535300407646e+05
1.083742413874975464e+05
1.001270491039795452e+05
9.189145199931657407e+04
8.472315209366998170e+04
7.908150725073524518e+04
7.499216856441217533e+04
7.229272510234756919e+04
7.077880388881827821e+04
7.026059657186962431e+04
7.058538005412134225e+04
7.165197164711599180e+04
7.341069300711694814e+04
7.584452598667939310e+04
7.894383645692402206e+04
8.269096135991472693e+04
8.705649601785490813e+04
9.199343840147646551e+04
9.741446940043751965e+04
1.031512033235079871e+05
1.089039656604890188e+05
1.142002294852574414e+05
1.183859643628458289e+05
1.206803821979088389e+05
1.203396906838118593e+05
1.169453140035169054e+05
1.107159070176656096e+05
1.026094293569766305e+05
9.402705690472009883e+04
8.623431178279740561e+04
7.994027707871682651e+04
7.531709452290073386e+04
7.224120139202273276e+04
7.048610842694979510e+04
6.982454704070428852e+04
7.007427306250721449e+04
7.111096456055949966e+04
7.286328223660892399e+04
7.529774143319526047e+04
7.839872179791133385e+04
8.215159529202908743e+04
8.652898269788284961e+04
9.147157396634195175e+04
9.686438364992124843e+04
1.025122100970064057e+05
1.081149232725756883e+05
1.132506523433526891e+05
1.173736701131983864e+05
1.198412647370660270e+05
1.200043416318895033e+05
1.173904006675445271e+05
1.119681289132592210e+05
1.043719194194609590e+05
9.583459043759638735e+04
8.771918635790947883e+04
8.096864306593468064e+04
7.592848160187054600e+04
7.253927257049162290e+04
7.058000583723862655e+04
6.980955182642364525e+04
7.002282913504126191e+04
7.106612780250803917e+04
7.283814808444876689e+04
7.528561798195418669e+04
7.839027369210902543e+04
8.214217007628497959e+04
8.650341513898257108e+04
9.137960502739336516e+04
9.660962555315275677e+04
1.019642942190696194e+05
1.071502063635447557e+05
1.118200538311286218e+05
1.155776620619001187e+05
1.179734921998978534e+05
1.185093867157804925e+05
1.167068543974118948e+05
1.123128208583155647e+05
1.056038827376931586e+05
9.752813820351171307e+04
8.941522949456814968e+04
8.239208822688512737e+04
7.701283664770753239e+04
7.333581757453945465e+04
7.117697085607427289e+04
7.028927278588236368e+04
7.044384766465569555e+04
7.146005891257111216e+04
7.321713625973652233e+04
7.565398855790677771e+04
7.874765707473854127e+04
8.246915093013411388e+04
8.674185243715604884e+04
9.142581921961210901e+04
9.632198699071476585e+04
1.011874193771956925e+05
1.057651552291519765e+05
1.098163899262254272e+05
1.131156417205926700e+05
1.153942720029561460e+05
1.162806894308918272e+05
1.153115321025336307e+05
1.120802372440892650e+05
1.065391416164332913e+05
9.928313276765450428e+04
9.147795877862030466e+04
8.435499254927155562e+04
7.869076143726380542e+04
7.470556216295852209e+04
7.228117047407479549e+04
7.118236348037832067e+04
7.117686407692126522e+04
7.208291491470641631e+04
7.377801399699092144e+04
7.618419590061616327e+04
7.923929451954575779e+04
8.286497267684040708e+04
8.694256169685994973e+04
9.130369801587372785e+04
9.573835340315515350e+04
1.000236416073778237e+05
1.039688950871980342e+05
1.074449028024485451e+05
1.103558149983782059e+05
1.125587626432205434e+05
1.137860237109094596e+05
1.136207059342286375e+05
1.115791571020439587e+05
1.073599469832985196e+05
1.011886844549619418e+05
9.395344476785534061e+04
8.687487712334444223e+04
8.092711085330028436e+04
7.653751026934418769e+04
7.371122652561072027e+04
7.227363799373854999e+04
7.202054879621366854e+04
7.277291846272740804e+04
7.438283681146580784e+04
7.672344300933618797e+04
7.967661792289371078e+04
8.311961742396431509e+04
8.690905375013568846e+04
9.086986965910460276e+04
9.480664295207978284e+04
9.854147548350722354e+04
1.019543714017713646e+05
1.049930579541548504e+05
1.076365951518169022e+05
1.098236647364724195e+05
1.113747669042931375e+05
1.119395902200184064e+05
1.110173387556079251e+05
1.081311413795070403e+05
1.031680328913132107e+05
9.666833872401798726e+04
8.972488429782104504e+04
8.346597865903854836e+04
7.858215163901975029e+04
7.527452623537828913e+04
7.346000797837412392e+04
7.294929277035436826e+04
7.353345207429993025e+04
7.501574697026362992e+04
7.721990386335698713e+04
7.998790077079537150e+04
8.317040215048396203e+04
8.661286707978408958e+04
9.015004215716030740e+04
9.362206731852485973e+04
9.690396522445033770e+04
9.992594409939160687e+04
1.026723576311989309e+05
1.051564734917251772e+05
1.073691616270142695e+05
1.092046044670763367e+05
1.103821627852532692e+05
1.104180832007632853e+05
1.087333850322445360e+05
1.049497500497570873e+05
9.926290286429402477e+04
9.256597667442749662e+04
8.607851061212091008e+04
8.075339350684660894e+04
7.700358689002619940e+04
7.483190732423748705e+04
7.405121932641114108e+04
7.442066588527710701e+04
7.570429873862635577e+04
7.769066578618253698e+04
8.019536200384209224e+04
8.305526712617352314e+04
8.612085884958731185e+04
8.925385515251831384e+04
9.233378048901299189e+04
9.527010431303262885e+04
9.801358113358545233e+04
1.005606792921394226e+05
1.029427243739030673e+05
1.051868359865510574e+05
1.072407541458715277e+05
1.088806029246476974e+05
1.096577277258797694e+05
1.089620296602836752e+05
1.062610355239925411e+05
1.014757706345907063e+05
9.524786166335837333e+04
8.875763781286563608e+04
8.313471730871339969e+04
7.899991452305666462e+04
7.646822460603297804e+04
7.537690578027356241e+04
7.546786548237221723e+04
7.647766844676205073e+04
7.817126170620642370e+04
8.035031682337017264e+04
8.285212359238651698e+04
8.554379711213009432e+04
8.831363824866908544e+04
9.106550640694683534e+04
9.372198667314815975e+04
9.623786781596133369e+04
9.861639106008916860e+04
1.009065313358290441e+05
1.031616619286410714e+05
1.053610989216920862e+05
1.073213418662281911e+05
1.086428731781904498e+05
1.087456863794694218e+05
1.070421874438998639e+05
1.032546054973576538e+05
9.774067135143686028e+04
9.150890564897407603e+04
8.575609550146691618e+04
8.129676141414332960e+04
7.839155695016466780e+04
7.693558523368214082e+04
7.667795270818674180e+04
7.734407265160308452e+04
7.868636432450888969e+04
8.050195820349232235e+04
8.263490160851417750e+04
8.496688153510195843e+04
8.740132777608063770e+04
8.985072145380603615e+04
9.223984584506774263e+04
9.453079200881255383e+04
9.674692161265702453e+04
9.895975663485203404e+04
1.012312632599761127e+05
1.035402017862650973e+05
1.057216825709465775e+05
1.074313354490087513e+05
1.081606722130157286e+05
1.073444748955604446e+05
1.045906922925987747e+05
9.998911673710947798e+04
9.427646771331019409e+04
8.858262408688450523e+04
8.386919916851262678e+04
8.057777038004377391e+04
7.870615305891733442e+04
7.803819692382689391e+04
7.830329369530308759e+04
7.925033425286422425e+04
8.067565710822539404e+04
8.242781354490554077e+04
8.439571221524277644e+04
8.648775633895161445e+04
8.862117359485333145e+04
9.073743209139397368e+04
9.283048925301920099e+04
9.494988521598633088e+04
9.715889120763364190e+04
9.948028728410035546e+04
1.018637906133266224e+05
1.041631967489550589e+05
1.061084631982844730e+05
1.072956029722905514e+05
1.072343158309700375e+05
1.054895756574995030e+05
1.019280216963435087e+05
9.696383248153272143e+04
9.153525958300175262e+04
8.667075550002881209e+04
8.300456956457003253e+04
8.068070882107267971e+04
7.954854785739252111e+04
7.935748444205419219e+04
7.986143102067346626e+04
8.085919710503195529e+04
8.220008894954378775e+04
8.377246428446190839e+04
8.549265507039953081e+04
8.730846156171405164e+04
8.920905850110137544e+04
9.121609914763414417e+04
9.335180195849726442e+04
9.561219999826379353e+04
9.796281558040138043e+04
1.003429538198725058e+05
1.026502598935681162e+05
1.047031146048290102e+05
1.062119527111504722e+05
1.067846532168067060e+05
1.059906656180343998e+05
1.035284753231743962e+05
9.949213711291959044e+04
9.453945804733535624e+04
8.966139314323983854e+04
8.565988368667995383e+04
8.285841363372762862e+04
8.120751800992165226e+04
8.049900362603834947e+04
8.050193820730040898e+04
8.101789320666760614e+04
8.189672723252323340e+04
8.304219088908610865e+04
8.441153875986370258e+04
8.599925604378221033e+04
8.780662700484364177e+04
8.981702843077329453e+04
9.198788549274975958e+04
9.425805958722696232e+04
9.656828899592872767e+04
9.887371995265678561e+04
1.011247012791303569e+05
1.032246302382668800e+05
1.049892395888687461e+05
1.061174324318604777e+05
1.062003090946457232e+05
1.048267668012317299e+05
1.018244838349566708e+05
9.753373351626383374e+04
9.279615073287501582e+04
8.851521729661973950e+04
8.521029713860523771e+04
8.297170299482946575e+04
8.166012287777136953e+04
8.107826700902334414e+04
8.105434039757108258e+04
8.147161641366986441e+04
8.226769070711605309e+04
8.341132701277956949e+04
8.487589645353000378e+04
8.662428384472179459e+04
8.860113130981683207e+04
9.073309330700572173e+04
9.294223076432225935e+04
9.516888395123003284e+04
9.738889258923870511e+04
9.959913628463861824e+04
1.017696543580560246e+05
1.037896930046280759e+05
1.054222536766320554e+05
1.062877906544562720e+05
1.059214438270050741e+05
1.039597240237748629e+05
1.004395509569408750e+05
9.596481200132897357e+04
9.144372330628702184e+04
8.758201810451300116e+04
8.465888208726467565e+04
8.266068236103557865e+04
8.147222024517414684e+04
8.097299970481074706e+04
8.105711899769656884e+04
8.163216865336008777e+04
8.262178482905654528e+04
8.396472816750917991e+04
8.560450170121983683e+04
8.747665690237839590e+04
8.950639352551390766e+04
9.162209805040284118e+04
9.377847499429459276e+04
9.597094412529832334e+04
9.821897082360695640e+04
1.005199243464637257e+05
1.027987521149254026e+05
1.048633714117334894e+05
1.063716882188862364e+05
1.068476475276457204e+05
1.058097867100826552e+05
1.030438900903467729e+05
9.887855817902511626e+04
9.413847413875091297e+04
8.969710837949399138e+04
8.608277086388191674e+04
8.346139228323708812e+04
8.179505490840859420e+04
8.096182823733992700e+04
8.081547211503468861e+04
8.121710248248877178e+04
8.205528762290914892e+04
8.325064622504373256e+04
8.474113754333989345e+04
8.646563528420682997e+04
8.836475966303331370e+04
9.039317405504362250e+04
9.252777372384125192e+04
9.476618203425497632e+04
9.711517574464440986e+04
9.956606133946269983e+04
1.020587131475952337e+05
1.044358579982155206e+05
1.063943235439072596e+05
1.074716773177737050e+05
1.071328470652182441e+05
1.050009227014097269e+05
1.011694542296559230e+05
9.633375473253990640e+04
9.147737175858921546e+04
8.735473062032726011e+04
8.428433329839227372e+04
8.227200677845733298e+04
8.118162221187406976e+04
8.083633383473924187e+04
8.106830543361858872e+04
8.174438329817360500e+04
8.277093661807238823e+04
8.408283572765123972e+04
8.563457068589644041e+04
