5.250892695897483645e+04
5.250892695897483645e+04
5.368700953716503864e+04
5.489767896559768269e+04
5.602731736631633248e+04
5.695217868806413026e+04
5.755114508315611602e+04
5.772134186456305179e+04
5.739429902410838986e+04
5.654990272567603824e+04
5.522562260875586799e+04
5.351903316879999329e+04
5.158210232071205246e+04
4.960638870336868422e+04
4.780014348173692997e+04
4.636180985553937353e+04
4.545768022193796060e+04
4.521066900184533006e+04
4.570096342502329935e+04
4.697217248134937836e+04
4.903410314240454318e+04
5.185602015023669082e+04
5.534931422107508843e+04
5.934426255985440366e+04
6.357176383035886829e+04
6.766553713649908605e+04
7.119786996371252462e+04
7.374795209455055010e+04
7.498153129230115155e+04
7.471128525911887118e+04
7.292050488593993941e+04
6.975649531317506626e+04
6.551152320763179159e+04
6.060069525955251447e+04
5.552887236530968221e+04
5.082908991146519111e+04
4.696919169965694891e+04
4.426412533150981471e+04
4.285524989790419932e+04
4.276956526971089625e+04
4.400118793781109707e+04
4.655783451182845602e+04
5.045772763351397589e+04
5.568347162502158608e+04
6.210214907205073541e+04
6.937086483293415222e+04
7.687333469277876429e+04
8.375697198668119381e+04
8.911200651422412193e+04
9.222742945942819642e+04
9.276386546809435822e+04
9.074489552515410469e+04
8.643329464063065825e+04
8.022140077044114878e+04
7.259509572387574008e+04
6.415291465081417846e+04
5.562776781968266005e+04
4.784704861628035724e+04
4.158073271638269944e+04
3.731462759080543037e+04
3.512788213198783342e+04
3.482784059614816942e+04
3.621169520435304003e+04
3.921522072667809698e+04
4.391071356197233399e+04
5.042525298759864381e+04
5.881072575946888537e+04
6.887048574186472979e+04
7.997903201701684156e+04
9.100166347016514919e+04
1.004617340606190119e+05
1.069922525558951165e+05
1.098325355717389757e+05
1.089887899050483247e+05
1.049729297431279265e+05
9.843663615623337682e+04
8.999021027279901318e+04
8.021184468308977375e+04
6.972615583633400092e+04
5.925826918668155849e+04
4.961396051099741453e+04
4.157259912634553621e+04
3.572427942959283973e+04
3.232943635153575087e+04
3.130373833968026884e+04
3.238068209239807402e+04
3.535017415821649774e+04
4.017589961708600458e+04
4.693500272803387634e+04
5.566860909758206253e+04
6.621370105933699233e+04
7.805909853758409736e+04
9.028221237407173612e+04
1.016264300116911763e+05
1.107417968978330900e+05
1.165373394927609334e+05
1.185010816128727165e+05
1.167978611374550674e+05
1.120661457510934997e+05
1.050764296948371048e+05
9.650532276618033939e+04
8.690073818218163797e+04
7.674597496123645396e+04
6.653245323154421931e+04
5.680133038884041162e+04
4.813842656608733523e+04
4.112232331216698367e+04
3.623740013647601882e+04
3.377303676009170158e+04
3.375980877272194630e+04
3.601610000104223582e+04
4.030042316924048646e+04
4.642542730664376722e+04
5.423269911131917615e+04
6.349635767931917508e+04
7.384708906833683432e+04
8.474136890161717020e+04
9.546152963455772260e+04
1.051450986522581807e+05
1.128720458772159327e+05
1.178382511115827947e+05
1.195832632321655110e+05
1.181391481056581979e+05
1.139551765355441021e+05
1.076375439861967898e+05
9.973219996941743011e+04
9.069187557458883384e+04
8.095239750894620374e+04
7.099380158394966566e+04
6.135084436994205316e+04
5.259666761434201908e+04
4.530826027569925645e+04
4.000063347051872552e+04
3.703002610332130280e+04
3.650504255699605710e+04
3.828089133073382254e+04
4.207764549642393831e+04
4.762708233960332291e+04
5.471092349765126710e+04
6.311118406829158630e+04
7.255803538147555082e+04
8.268586435410012200e+04
9.298355324767433922e+04
1.027590531043196825e+05
1.111646670012934483e+05
1.173247376688742370e+05
1.205585233522492344e+05
1.205980301721775759e+05
1.176415038399229234e+05
1.121892299583378626e+05
1.048174031701732747e+05
9.606622617520643689e+04
8.643946757619781420e+04
7.643167812153149862e+04
6.655076453509970452e+04
5.733385438095157588e+04
4.934231342024460173e+04
4.311811541393077641e+04
3.909810755815668381e+04
3.751051224762691709e+04
3.831730202090612147e+04
4.127381418871902861e+04
4.608015739116313489e+04
5.248449180123343831e+04
6.027619398245125194e+04
6.923285638183981064e+04
7.906281734411729849e+04
8.934228128923618351e+04
9.946148898999836820e+04
1.086190679566705367e+05
1.159074599834292312e+05
1.205061416807994101e+05
1.219260365213265468e+05
1.201596854537089821e+05
1.156118613771473902e+05
1.088728575862787548e+05
1.005322650845746102e+05
9.112402508608603966e+04
8.114589246983238263e+04
7.109213603828981286e+04
6.148112411774257635e+04
5.286453616881096968e+04
4.580088621872843942e+04
4.078496264010327286e+04
3.814491112300695386e+04
3.795418320541860885e+04
4.003613600551794661e+04
4.409086349715048709e+04
4.983822600419069931e+04
5.705618847715884476e+04
6.553806935260246973e+04
7.503325063205306651e+04
8.518362615300125617e+04
9.546119173028935620e+04
1.051375357946165750e+05
1.133280406777500029e+05
1.191425467497161881e+05
1.219225151760356821e+05
1.214522281135528756e+05
1.179878740685077501e+05
1.120750269894759986e+05
1.043217472034094681e+05
9.528758313422022911e+04
8.548101535952804261e+04
7.539179409817524720e+04
6.552378228023755219e+04
5.641488424037551886e+04
4.862699912483931257e+04
4.269331886411127925e+04
3.902509648758833646e+04
3.780867623591521988e+04
3.896229292919309955e+04
4.221696127921905281e+04
4.727234064960953401e+04
5.388459190881544055e+04
6.184840950175496982e+04
7.094059472011361504e+04
8.085785002293587604e+04
9.115059572433450376e+04
1.011741724897540989e+05
1.100972593450060813e+05
1.170067027182406164e+05
1.211165535156699771e+05
1.220091610064785782e+05
1.197549351161765226e+05
1.148071224768792308e+05
1.077678430714365095e+05
9.922052957384289766e+04
8.969069550263808924e+04
7.967027761878741148e+04
6.965264568708030856e+04
6.016043047888555157e+04
5.174988075550234498e+04
4.497627559724867024e+04
4.031553180102477199e+04
3.805871236229471833e+04
3.823377127687750180e+04
4.063225470749925444e+04
4.494999930187583959e+04
5.091751674572444608e+04
5.832032388141314732e+04
6.695163502057956066e+04
7.655175882947757782e+04
8.674148400802885590e+04
9.696152555021760054e+04
1.064521811312608188e+05
1.143146154394715268e+05
1.196797399932229309e+05
1.219510211850309715e+05
1.209942417135160940e+05
1.171267139789495704e+05
1.109134104376795294e+05
1.029544670942112280e+05
9.379682752430551045e+04
8.394059421060151362e+04
7.387304034793273604e+04
6.410178125159283809e+04
5.517110422559853032e+04
4.764460670432059123e+04
4.204414699429846223e+04
3.875118835369414592e+04
3.790794685788863717e+04
3.939266402525077137e+04
4.292159475607022614e+04
4.820287110033210047e+04
5.500413365183314454e+04
6.312426798494625109e+04
7.233570609851475456e+04
8.231937741333764279e+04
9.259776945700150100e+04
1.024930789765818045e+05
1.111503174634270399e+05
1.176610708693152847e+05
1.212855049944971979e+05
1.216839293636257789e+05
1.190005465612194384e+05
1.137244061102488340e+05
1.064565712438590854e+05
9.776650625282198598e+04
8.816822694262074947e+04
7.814812492161181581e+04
6.820083603448289796e+04
5.885507054880671058e+04
5.067176102304926462e+04
4.420124747845883394e+04
3.989766954389589955e+04
3.801263750911057286e+04
3.852968232447636547e+04
4.121425582212032896e+04
4.576430380537158635e+04
5.192412983165208425e+04
5.948804644794737396e+04
6.824946515041512612e+04
7.793805724706726323e+04
8.815079429178673308e+04
9.829545574563914852e+04
1.075822060278576100e+05
1.151027652397381898e+05
1.200164898025553703e+05
1.217947541062297678e+05
1.203840162395580992e+05
1.161549536194208340e+05
1.096836873780900496e+05
1.015582306049909239e+05
9.231136024571124290e+04
8.243425760278313828e+04
7.241229579901421675e+04
6.275753768021773431e+04
5.402023585528860713e+04
4.676388260339228873e+04
4.149609999130061624e+04
3.856567232911501196e+04
3.807029310598382290e+04
3.985271831691305852e+04
4.362177824696736934e+04
4.909886159640405822e+04
5.606474839095069910e+04
6.432295958886038716e+04
7.364018195507612836e+04
8.367828634577032062e+04
9.392882285273419984e+04
1.036802803859868582e+05
1.120570496846588358e+05
1.181619286001677247e+05
1.213081893635415327e+05
1.212362395706145471e+05
1.181585996845421614e+05
1.125915958254388534e+05
1.051301153409602848e+05
9.632817219269042835e+04
8.668778920339151227e+04
7.669009375358305988e+04
6.683170081937774376e+04
5.764719230428984883e+04
4.970047715558330674e+04
4.353391750291172502e+04
3.957635940033000225e+04
3.803829998884990346e+04
3.886220201498550159e+04
4.179555981598989456e+04
4.654547747137981059e+04
5.287260680233698076e+04
6.058037892767311860e+04
6.946114019473065855e+04
7.923047455688258924e+04
8.945764205561189738e+04
9.951555116944319161e+04
1.085857277851694962e+05
1.157557679948775913e+05
1.202208176706115919e+05
1.215246808339749114e+05
1.196914727125636564e+05
1.151366611344214616e+05
1.084409567724007502e+05
1.001782669672533375e+05
9.086680898861278547e+04
8.098925564887374640e+04
7.103020432298813830e+04
6.150641321365490876e+04
5.297255495310962579e+04
4.598867252117452881e+04
4.104396588342332689e+04
3.845187595866942866e+04
3.826780114887863601e+04
4.030735726778364915e+04
4.428120076744039397e+04
4.992803027196491166e+04
5.704210679408886062e+04
6.543046590174195444e+04
7.485060827176619205e+04
8.494062548800064542e+04
9.515788866074253747e+04
1.047572209483217302e+05
1.128463315346072923e+05
1.185460592969428981e+05
1.212286373872280528e+05
1.207141222437088436e+05
1.172760026914648042e+05
1.114503130093944928e+05
1.038226921513622947e+05
9.493120511056818941e+04
8.526657491635871702e+04
7.530630236081260955e+04
6.554977058926252357e+04
5.653599454081011936e+04
4.882827215497474390e+04
4.295640386780971312e+04
3.932076239697266283e+04
3.809233014146788628e+04
3.918038218922637316e+04
4.232461444609481987e+04
4.724712638385350874e+04
5.372612532028851274e+04
6.157324802531287423e+04
7.057610045691115374e+04
8.043065280809201067e+04
9.067418973829995957e+04
1.006435312765999261e+05
1.094938875039300619e+05
1.163142047923797363e+05
1.203414552904762677e+05
1.211937728222852165e+05
1.189682561518092261e+05
1.141178138145707198e+05
1.072230351871096063e+05
9.884236917128639470e+04
8.948061343690629292e+04
7.961425454292817449e+04
6.972811624676809879e+04
6.034216032294207253e+04
5.201188770118411048e+04
4.528966192034132837e+04
4.064376287080781913e+04
3.835365844961455150e+04
3.843857366787868523e+04
4.069626860716004012e+04
4.484698579413023253e+04
5.064992711425860762e+04
5.791216560303739971e+04
6.643996782541958964e+04
7.597537559877974854e+04
8.612762463563070924e+04
9.631762779006012715e+04
1.057672002568237222e+05
1.135707211201932805e+05
1.188722090101368813e+05
1.211070903339748183e+05
1.201744814881735219e+05
1.164026617716681212e+05
1.103405363205511530e+05
1.025620226910437195e+05
9.359097227864933666e+04
8.390938706669466046e+04
7.399188501539042045e+04
6.433899035825298051e+04
5.549122532622618746e+04
4.800874377966191241e+04
4.240784319300993957e+04
3.906138481162678363e+04
3.810409278143532720e+04
3.941899174285322079e+04
4.274742424815335107e+04
4.783254399605270009e+04
5.446951937829980307e+04
6.247274950322658697e+04
7.161824872903313371e+04
8.157698602247776580e+04
9.185108672372745059e+04
1.017399133949392562e+05
1.103733418451009056e+05
1.168459954994359869e+05
1.204430472291573969e+05
1.208601885085845279e+05
1.182632267516287102e+05
1.131346145511982322e+05
1.060512047380410950e+05
9.755768294299826084e+04
8.814762810594645271e+04
7.829130237097895588e+04
6.847239363562212384e+04
5.921303629948893649e+04
5.106969423890436883e+04
4.458768995645578980e+04
4.021416821167956368e+04
3.819478217237494391e+04
3.851745582880995789e+04
4.097225353484930383e+04
4.529656238249171292e+04
5.126914101492839109e+04
5.870372656446524343e+04
6.739916471235922654e+04
7.707655302000718075e+04
8.731193988597243151e+04
9.748663784140371718e+04
1.067887902712057548e+05
1.143031917697416357e+05
1.192045259130812483e+05
1.209971963097228436e+05
1.196578167357658967e+05
1.155626744563354150e+05
1.092693078343107336e+05
1.013400518785410095e+05
9.228505191151105100e+04
8.257709002680900448e+04
7.268803189028050110e+04
6.312140322320001724e+04
5.442178835823391273e+04
4.714715994816410239e+04
4.179904524026159197e+04
3.872185197545674600e+04
3.801717043402258423e+04
3.954952011346894142e+04
4.306836135134645156e+04
4.833705082431337360e+04
5.516217519819253357e+04
6.335522042369213887e+04
7.267527396803381271e+04
8.276288968084815133e+04
9.308057844701515569e+04
1.028889777002311457e+05
1.112959369867340283e+05
1.174085066892321920e+05
1.205669252099703153e+05
1.205471082100662461e+05
1.175803509254516684e+05
1.121733220182787918e+05
1.048958768574170972e+05
9.627758554522291524e+04
8.680097574288274336e+04
7.693279457061138237e+04
6.715998401548377296e+04
5.801033884444604337e+04
5.004233117572624906e+04
4.379346587215206091e+04
3.968891160516370292e+04
3.794100338319034927e+04
3.850875662417561398e+04
4.117751592109716876e+04
4.570199926707663690e+04
5.187763515062720398e+04
5.952067589058804879e+04
6.841703003671570332e+04
7.826081143751888885e+04
8.859055781986594957e+04
9.874649986313459522e+04
1.078847307915960118e+05
1.150857925116835977e+05
1.195633042793660861e+05
1.208975626658515830e+05
1.191429139630621066e+05
1.147174200992117112e+05
1.081806437727522716e+05
1.000808488372755528e+05
9.091649539598319097e+04
8.115608784412908426e+04
7.127406326536201232e+04
6.178061575677643850e+04
5.322625784314708289e+04
4.616748946033793618e+04
4.108981621068117238e+04
3.830519932495217654e+04
3.787810635115067998e+04
3.965452356035500270e+04
4.339420005844409025e+04
4.888032271648463939e+04
5.592780433124723641e+04
6.434062781837875082e+04
7.385583480384964787e+04
8.407935370794546907e+04
9.443170363637307310e+04
1.041351556091200910e+05
1.122800502526622149e+05
1.179948626345855591e+05
1.206842732029641920e+05
1.202069599674454512e+05
1.168536559550266538e+05
1.111478948035886278e+05
1.036506029368209129e+05
9.487938721988235193e+04
8.531090475809146301e+04
7.541337507318974531e+04
6.568124437350977678e+04
5.665144404497090727e+04
4.888526115145859512e+04
4.290841003832212300e+04
3.911624320698923111e+04
3.768035927411634475e+04
3.852859461754673976e+04
4.144393874437465274e+04
4.619985670126081823e+04
5.260695285322728159e+04
6.048117976957449719e+04
6.959202301103595528e+04
7.960275987559743226e+04
9.001115293777232000e+04
1.001158497515883209e+05
1.090452322670343565e+05
1.158839540139024175e+05
1.198931887368698081e+05
1.207333261487851123e+05
1.185341312702753057e+05
1.137506720314014383e+05
1.069430929790817754e+05
9.864772487904442823e+04
8.935481307240536262e+04
7.953321515326599183e+04
6.966529535618629598e+04
6.027128645569454966e+04
5.190639882952246990e+04
4.511935541597197152e+04
4.037041509822037915e+04
3.793083412356619374e+04
3.782399594213868841e+04
3.987807634769101423e+04
4.386486417790726409e+04
4.958801185139096924e+04
5.687097407563102752e+04
6.550836959885360557e+04
7.521105254711564339e+04
8.554712617807442439e+04
9.589506941958490643e+04
1.054416228900853021e+05
1.132649374283413636e+05
1.185224014590037987e+05
1.206905361920953728e+05
1.197144309973005147e+05
1.159432974338347267e+05
1.099152442682680849e+05
1.021814224744836101e+05
9.324919840203027707e+04
8.359390302434431214e+04
7.369003669456466741e+04
6.404084256622337125e+04
5.518874349174282543e+04
4.769106577200587344e+04
4.205394464479722228e+04
3.863480740344832884e+04
3.755806450147170835e+04
3.871898567110531440e+04
4.190127790032383928e+04
4.689997609946574812e+04
5.354169182710059249e+04
6.164119685511598800e+04
7.094931109005908365e+04
8.109623498558787105e+04
9.153780010044254595e+04
1.015315031895300781e+05
1.101812359587293759e+05
1.165836173947190691e+05
1.200588530205437564e+05
1.203563497491620656e+05
1.176822651456815511e+05
1.125245026794286678e+05
1.054412008363914210e+05
9.695787833463975403e+04
8.755942966399951547e+04
7.771668446700593631e+04
6.791835958279597980e+04
5.869064948406160693e+04
5.058797635708191228e+04
4.414435890704421035e+04
3.978702714463353914e+04
3.774011255243024061e+04
3.798398032239804888e+04
4.033177917285180592e+04
4.457013680808409845e+04
5.052381843666189525e+04
5.802494501938041503e+04
6.685853272269664740e+04
7.670816495049683726e+04
8.710222124065898242e+04
9.737615328186462284e+04
1.066846701161690435e+05
1.141034905301318358e+05
1.188319712791706115e+05
1.204283528394036693e+05
1.189260489171733789e+05
1.147294084431984666e+05
1.083889385674346704e+05
1.004458753987235832e+05
9.139613896921314881e+04
8.171064719220393454e+04
7.186646909700380638e+04
6.237193970441966667e+04
5.377082862201627722e+04
4.661131963649288082e+04
4.137407066725795448e+04
3.837373402339127642e+04
3.768557714822384878e+04
3.917307290933683544e+04
4.262127593236033135e+04
4.784623032002538821e+04
5.469184714379302750e+04
6.297406624260047101e+04
7.242515213056435459e+04
8.264104926292035088e+04
9.303680698406284500e+04
1.028339488039095741e+05
1.111204409050895483e+05
1.170150426538848697e+05
1.199060840774848039e+05
1.196371797229985532e+05
1.164915084063633840e+05
1.109880842918533162e+05
1.036792265383290796e+05
9.507252545329793065e+04
8.563989692331092374e+04
7.584919474517050548e+04
6.619255371225879935e+04
5.719965352883419837e+04
4.942203233025062946e+04
4.337708531975068036e+04
3.945584424844317982e+04
3.783079137216391973e+04
3.843607297679049225e+04
4.106914069196341734e+04
4.553140747688282863e+04
5.166980050968012074e+04
5.932831283181632898e+04
6.828632528886405635e+04
7.820382224801497068e+04
8.857278491447890701e+04
9.868904803634514974e+04
1.076795490287351422e+05
1.146245424395874870e+05
1.187760691995993402e+05
1.197846552101047128e+05
1.177759352301621693e+05
1.132048539845834312e+05
1.066248431946521741e+05
9.855585625758068636e+04
8.947163728531994275e+04
7.983201708625665924e+04
7.011524013842831482e+04
6.083650713359713700e+04
5.254268200869435532e+04
4.577211355902883952e+04
4.097603557269939483e+04
3.842019828465282626e+04
3.812546793373180117e+04
3.992157569753179996e+04
4.359464423153918324e+04
4.898274963444474997e+04
5.595260639642771275e+04
6.433015012698102510e+04
7.383666205734496180e+04
8.403727308344218181e+04
9.430641340431856224e+04
1.038311046785530780e+05
1.116906913001638022e+05
1.170390148701696162e+05
1.193449699613148550e+05
1.185499158242202830e+05
1.150062192584336735e+05
1.092500528665036109e+05
1.018130377290623292e+05
9.317255277843515796e+04
8.378159981243913353e+04
7.410598521113414608e+04
6.464559796932856989e+04
5.593700949329489958e+04
4.852857092090175865e+04
4.291673015990998101e+04
3.944997883007373457e+04
3.824331717112951446e+04
3.918107921182269638e+04
4.204388201588251104e+04
4.664982044408519141e+04
5.287614473840923165e+04
6.059128562366220285e+04
6.957837938738729281e+04
7.947658176413833280e+04
8.974144398940198880e+04
9.963197705539673916e+04
1.082553551830819924e+05
1.147075135575917666e+05
1.183022020675890235e+05
1.187836067647135205e+05
1.163609065226152015e+05
1.115239125187850732e+05
1.048118963478536461e+05
9.671042307597094623e+04
8.766622654175180651e+04
7.813099061445421830e+04
6.858948445799280307e+04
5.956699336905149539e+04
5.161383676542716421e+04
4.525672852572074771e+04
4.091262275145458261e+04
3.879021095857858018e+04
3.884821609464194626e+04
4.088053728321573726e+04
4.467961648703648825e+04
5.011703442138677929e+04
5.709610422771950834e+04
6.546320447261424124e+04
7.493449647295670002e+04
8.504792108019298757e+04
9.514059667549341975e+04
1.043686454260558385e+05
1.118073371190136968e+05
1.166510101767202141e+05
1.184514038095280848e+05
1.172403661935791461e+05
1.134217006772119639e+05
1.075282335797893757e+05
1.000574936767928593e+05
9.145397649368329439e+04
8.215565237206913298e+04
7.263190083747732569e+04
6.339584341434678208e+04
5.499457560074875073e+04
4.797238899740811758e+04
4.279779774599460507e+04
3.976473921701078507e+04
3.891925039424519491e+04
4.009358408486811823e+04
4.306165664209296665e+04
4.767536043386123492e+04
5.385974190227833606e+04
6.152093933317896153e+04
7.045368276138661895e+04
8.027952908056433080e+04
9.041727281585229503e+04
1.000875613124590745e+05
1.083782456582088635e+05
1.144044999409957964e+05
1.175444530036055075e+05
1.176291169830995786e+05
1.149302772035999078e+05
1.099470171852005878e+05
1.031903862597590487e+05
9.511324823740047577e+04
8.614446618016823777e+04
7.673681066467915662e+04
6.738844496526596777e+04
5.863760777915180370e+04
5.103470449761006603e+04
4.508374596769308118e+04
4.115098437664824451e+04
3.937470181808727648e+04
3.965285164475856436e+04
4.176362314794548001e+04
4.553334903734054387e+04
5.088841163531393249e+04
5.777965251635569439e+04
6.607716760859296483e+04
7.549089071504185267e+04
8.552784450180940621e+04
9.548455187035346171e+04
1.044865097960741987e+05
1.116076207267146674e+05
1.160814923389735050e+05
1.175291661739497358e+05
1.160456478607742174e+05
1.120590174562125758e+05
1.060905415881005465e+05
9.861546337784983916e+04
9.006249815395350743e+04
8.086598906881094445e+04
7.150274390951429086e+04
6.249628960531122721e+04
5.439465619380820863e+04
4.772271357903046737e+04
4.290442754529042577e+04
4.017113025477298652e+04
3.951252469284045947e+04
4.074250138365315070e+04
4.366382010263846314e+04
4.818049168518280203e+04
5.426593564724626776e+04
6.185705963805408101e+04
7.075519429291196866e+04
8.056344698930878076e+04
9.066409308830632654e+04
1.002378591101303318e+05
1.083478066424147110e+05
1.141153340844208869e+05
1.169589579746361851e+05
1.167663851413969533e+05
1.138536333691196196e+05
1.087372869437776244e+05
1.019255693322551233e+05
9.385982016101911722e+04
8.495804535527831467e+04
7.566905693000787869e+04
6.649328507788476418e+04
5.796846502339552535e+04
5.063065218365986220e+04
4.495121478497354838e+04
4.125200444424475427e+04
3.963060065119937644e+04
3.996604099954757112e+04
4.205020295748616627e+04
4.574720482161475957e+04
5.102640489579097630e+04
5.787510885108844377e+04
6.618426079006773944e+04
7.565931492345579318e+04
8.577538454323922633e+04
9.577923529486182088e+04
1.047456398135227646e+05
1.117169313196953444e+05
1.159335884545585723e+05
1.170677181741477980e+05
1.152872288586096402e+05
1.110763172508076677e+05
1.049758425950131059e+05
9.745225114066372043e+04
8.891422074668253481e+04
7.977907792620047985e+04
7.051602584195870440e+04
6.164610563077923871e+04
5.371123177954468702e+04
4.722307572286475624e+04
4.258669350149163802e+04
4.000891567763750209e+04
3.945349140180728864e+04
4.072411832660461369e+04
4.364240035428460396e+04
4.815005682272167905e+04
5.426053021152174915e+04
6.194007518043743039e+04
7.099472387521993369e+04
8.099769935348878789e+04
9.126904567691165721e+04
1.009118331972002052e+05
1.089252457509804226e+05
1.144164236347001570e+05
1.168606430454583024e+05
1.162502519971433358e+05
1.129940354509626341e+05
1.076481723439801281e+05
1.007131566343358863e+05
9.260161392930963484e+04
8.370316413542912051e+04
7.444967692890198668e+04
6.533773341343805805e+04
5.691007414784700813e+04
4.971055435167904216e+04
4.421240890944252897e+04
4.072131068457227957e+04
3.929831885579833761e+04
3.978911832490992674e+04
4.198503741789185733e+04
4.578036843286664225e+04
5.118248145668487996e+04
5.820644762733604148e+04
6.674608787390927318e+04
7.647376377464176039e+04
8.679496154727465182e+04
9.686698934038929292e+04
1.056909954442425369e+05
1.122948996217547683e+05
1.159878252121524856e+05
1.165687827096624387e+05
1.143236876950994338e+05
1.097925341701891157e+05
1.035105571896784968e+05
9.590843784777101246e+04
8.735553859456167265e+04
7.824155389818106778e+04
6.902831219521554885e+04
6.025117985654490622e+04
5.247751165632373159e+04
4.623402296377839230e+04
4.191043400562968600e+04
3.966720282694221532e+04
3.941652897096055676e+04
4.093914701739482553e+04
4.406903179104610172e+04
4.877337252801290742e+04
5.508441561064112466e+04
6.296945211030275823e+04
7.220754842564903083e+04
8.231276719511370175e+04
9.252848814106684586e+04
1.018986415777089715e+05
1.094203527953250887e+05
1.142753702932667220e+05
1.160696867236173712e+05
1.149247446892868902e+05
1.113186127228792902e+05
1.058026891867161030e+05
9.882797836965146416e+04
9.075063083398758317e+04
8.192337043056683615e+04
7.277392425159315462e+04
6.382442811776213057e+04
5.565204233910072071e+04
4.881600015224779054e+04
4.376813981907749258e+04
4.075723169356311701e+04
3.977258059842269722e+04
4.060693872717572958e+04
4.304052156960892171e+04
4.698788580171976355e+04
5.248219773958236328e+04
5.955127503807588801e+04
6.807863704759416578e+04
7.770233454590814654e+04
8.778150329342694022e+04
9.744122478830874024e+04
1.056937836341551010e+05
1.116370759957019327e+05
1.146980253049604653e+05
1.147963317906930315e+05
1.122814913740676129e+05
1.076759736997748550e+05
1.014502993294801272e+05
9.397489325161780289e+04
8.559195922242884990e+04
7.669856696859942167e+04
6.778321197213842242e+04
5.940423015781598224e+04
5.212642787008606683e+04
4.643704097992207244e+04
4.265257824974189862e+04
4.084676201881947782e+04
4.086885399640621472e+04
4.249221622017515620e+04
4.558863795298220793e+04
5.016880448768333736e+04
5.629044842763196357e+04
6.392669803207179211e+04
7.285042852753508487e+04
8.256780373795321793e+04
9.232334458890389942e+04
1.011824172622589831e+05
1.081919289000759018e+05
1.126068985258024331e+05
1.141057123498468718e+05
1.128455239699885133e+05
1.092858416500470048e+05
1.039299540103536710e+05
9.719228850101865828e+04
8.941927509395273228e+04
8.096788953932415461e+04
7.226554387645052338e+04
6.381835621073713264e+04
5.616656990142272116e+04
4.981223548809013300e+04
4.514093751149474701e+04
4.234601502383436309e+04
4.139214543097119895e+04
4.208936677080934169e+04
4.426513320063873107e+04
4.787873679871306376e+04
5.299038187163337716e+04
5.964992865179241198e+04
6.777095740558467514e+04
7.702575900764920516e+04
8.679833748800971080e+04
9.621990501067991136e+04
1.042930836964018235e+05
1.101074563965447742e+05
1.131015898914609133e+05
1.132232150902987487e+05
1.108425074941858184e+05
1.064825233423273312e+05
1.006012395656978624e+05
9.354781381276625325e+04
8.562981668649734638e+04
7.719446170508200885e+04
6.867299685090588173e+04
6.057428869191569538e+04
5.343646239663194137e+04
4.774840506394053955e+04
4.384577028535401041e+04
4.182079212259475025e+04
4.153632140343173523e+04
4.278494973563215171e+04
4.546749374036487279e+04
4.963312688889510173e+04
5.539127822832576931e+04
6.277481370148292626e+04
7.160288515461389034e+04
8.138570790804487478e+04
9.131581419741747959e+04
1.003716915552744904e+05
1.075291131395786069e+05
1.120346951654180302e+05
1.136242661063413107e+05
1.125273137298698275e+05
1.092333273747898784e+05
1.042200228748887748e+05
9.784026766806533851e+04
9.036390989168200758e+04
8.207532110504736193e+04
7.335711975878714293e+04
6.472118186909340875e+04
5.676676888411141408e+04
5.007794459035418549e+04
4.509819778179153218e+04
4.202689628838653880e+04
4.080020579259155784e+04
4.121398747286692378e+04
4.312448217413441307e+04
4.654943110672691546e+04
5.161311907140092080e+04
5.841315574651545467e+04
6.686995512267218146e+04
7.660354689959766984e+04
8.689223861348678474e+04
9.674715359674503270e+04
1.050943771431197383e+05
1.110290697476134519e+05
1.140642273711820453e+05
1.142305575377203932e+05
1.119269110005551192e+05
1.076360840078287729e+05
1.017406496741805749e+05
9.452202472690001014e+04
8.625916562312276801e+04
7.732951733375962067e+04
6.825260986042117293e+04
5.965068282160950184e+04
5.214723547558284190e+04
4.625175719294687588e+04
4.226191310092411732e+04
4.021496942897015106e+04
3.995079013173565909e+04
4.129194312380403426e+04
4.419601251211781346e+04
4.875315728827404382e+04
5.507283397757256171e+04
6.313931695320456492e+04
7.267989991265482968e+04
8.309057409913699667e+04
9.346226543532835785e+04
1.027190853761831095e+05
1.098461263721636060e+05
1.141522801631218608e+05
1.154492768359275360e+05
1.140058814443258598e+05
1.102960120629968733e+05
1.047606668464089453e+05
9.774464964203328418e+04
8.956488582331758516e+04
8.060008766822530015e+04
7.133838049157653586e+04
6.236446025314868166e+04
5.429403970543590549e+04
4.768076577122709568e+04
4.291858265950973146e+04
4.016338100795408536e+04
3.933257386101959128e+04
4.023522744412563770e+04
4.275141997522823658e+04
4.689716583430056198e+04
5.275330707807510043e+04
6.033888772147924465e+04
6.947945643587365339e+04
7.970689203771122266e+04
9.023604170975378656e+04
1.000473316615933290e+05
1.080724536630673974e+05
1.134511771414163231e+05
1.157702105387685442e+05
1.151326999090051977e+05
1.119838311098224513e+05
1.068392771805088705e+05
1.001325699799483264e+05
9.222116546483864659e+04
8.346044897926607518e+04
7.427170520050608320e+04
6.517101056043615245e+04
5.674699506725116225e+04
4.959008815218516247e+04
4.418748639036060922e+04
4.081391456018901226e+04
3.947612588276272436e+04
3.998563045681110088e+04
4.214353434022947476e+04
4.587466331316835567e+04
5.121157902319546702e+04
5.819007160636300978e+04
6.672335170307934459e+04
7.648604907678207383e+04
8.684395446681114845e+04
9.687338900686784473e+04
1.054995505830589245e+05
1.117425664466281596e+05
1.149963029352268641e+05
1.151921229889003735e+05
1.127126667458512820e+05
1.081150837080906058e+05
1.018976556510011724e+05
9.444276779727064422e+04
8.607837956726185803e+04
7.716268023309773707e+04
6.814434859662465169e+04
5.957698206988204038e+04
5.206823486471977230e+04
4.616864443453001877e+04
4.224478273539710790e+04
4.039358627023454756e+04
4.046289721372679196e+04
4.220741300971555756e+04
4.546692758714677620e+04
5.021421896893556550e+04
5.648190870583245123e+04
6.424698433789353294e+04
7.330907005471942830e+04
8.318887943000473024e+04
9.309610661269973207e+04
1.020181195334919175e+05
1.089339128997079242e+05
1.130926947578174295e+05
1.142358883593424252e+05
1.126123301101488469e+05
1.087541315089290438e+05
1.031986967531983246e+05
9.635894595126376953e+04
8.855147065397242841e+04
8.008671022368606646e+04
7.135146075964620104e+04
6.284753186326912692e+04
5.516208656823554338e+04
4.887185091990390356e+04
4.441875939963741985e+04
4.200205170443005773e+04
4.154360278231988923e+04
4.278951913265593612e+04
4.550419817652842175e+04
4.958778424562335567e+04
5.504878349143802188e+04
6.190384016496769618e+04
7.005909758787504688e+04
7.919583733789727557e+04
8.869938350372521381e+04
9.768480067241308279e+04
1.051483180539508467e+05
1.102213976450330520e+05
1.124377440309513913e+05
1.118557756746836967e+05
1.089232353201960796e+05
1.041883709109735937e+05
9.809751307741890196e+04
9.097418871911575843e+04
8.309998656759137521e+04
7.480444049598783022e+04
6.652014750787193771e+04
5.878421509220940061e+04
5.217597840999923937e+04
4.720066593094880955e+04
4.415901738168039446e+04
4.306664071569930093e+04
4.369902826664216991e+04
4.577226192634752078e+04
4.911559511505567934e+04
5.370084831501524604e+04
5.956621370146951085e+04
6.670708369190922531e+04
7.495889113588529290e+04
8.389541910701394954e+04
9.279052195006946567e+04
1.006991708369850967e+05
1.066743193771840015e+05
1.100538521878290776e+05
1.106689818472560582e+05
1.088189487455871713e+05
1.050222286926921661e+05
9.976010005636488495e+04
9.338527110117801931e+04
8.616965370970182994e+04
7.839287154294730863e+04
7.041430691129600746e+04
6.270622087888040551e+04
5.582750344069326820e+04
5.032425741227604885e+04
4.658879231449471990e+04
4.474779667522131058e+04
4.465322711518620054e+04
4.601736650844124233e+04
4.861017577521773637e+04
5.235318259656266309e+04
5.727969999107641343e+04
6.344043579601989040e+04
7.079426286055681703e+04
7.909207780128066952e+04
8.778555070737922506e+04
9.603202760343966656e+04
1.028529454339557851e+05
1.074148851659139473e+05
1.093034613089041522e+05
1.086173126496023033e+05
1.058017742688987491e+05
1.013655836665012757e+05
9.570873015632409079e+04
8.911797782911598915e+04
8.184347584989876486e+04
7.418168120679797721e+04
6.653412276216883038e+04
5.941782570297378697e+04
5.339727770373402018e+04
4.894878513567134360e+04
4.632343510196111311e+04
4.548344464401299774e+04
4.617473700289001863e+04
4.811820153227308765e+04
5.116431636845101457e+04
5.530786946631072351e+04
6.061883563769263856e+04
6.714514881306729512e+04
7.479097573082619056e+04
8.318648819885587727e+04
9.162157932189565327e+04
9.913325728941972193e+04
1.047585702517914469e+05
1.078510813743465260e+05
1.082832627571920893e+05
1.063871979763100680e+05
1.026841357794774231e+05
9.763744661272941448e+04
9.157729177374239953e+04
8.475096408894231718e+04
7.740832581896729243e+04
6.988124742415513902e+04
6.263031185175277642e+04
5.621519315019133501e+04
5.117464298624976072e+04
4.787060869764242670e+04
4.637977094314461283e+04
4.650611865831125033e+04
4.794068845917899307e+04
5.045813431223056978e+04
5.399352817031543964e+04
5.860299016212805145e+04
6.438170906343025126e+04
7.134854499381748610e+04
7.929463098538352642e+04
8.766094402203334903e+04
9.555449544335540850e+04
1.019540849090486445e+05
1.060362491403726308e+05
1.074558523688948626e+05
1.063988982800748199e+05
1.033660388402744284e+05
9.887882854588940972e+04
9.332554941525665345e+04
8.696772430988530687e+04
8.002128884932139772e+04
7.275441070458762988e+04
6.556265823637459835e+04
5.897178803987662832e+04
5.354284133856681001e+04
4.971654124627639249e+04
4.767765390735771507e+04
4.731485911248483899e+04
4.832501393317680777e+04
5.041455564537798637e+04
5.343876863617394702e+04
5.741202334884338052e+04
6.244696430558853899e+04
6.864465227148256963e+04
7.593466070584880072e+04
8.392110593381800572e+04
9.183886960065581661e+04
9.869413689738737594e+04
1.035610682182826858e+05
1.058993553923940926e+05
1.057091225015325181e+05
1.034102516214444186e+05
9.954728433964458236e+04
9.456060218955812161e+04
8.873645312296140764e+04
8.227712366074703459e+04
7.540755653074251313e+04
6.846110809702475672e+04
6.190267586900186143e+04
5.626895470875000319e+04
5.204102125281235203e+04
4.950077784812181926e+04
4.864072658542598219e+04
4.919891831671965338e+04
5.083717435546115303e+04
5.333737033867316495e+04
5.667165147705574782e+04
6.095530106494184292e+04
6.633547260418007500e+04
7.283922455480384815e+04
8.022203280094901857e+04
8.788812537479861930e+04
9.495200280713563552e+04
1.004603530217047519e+05
1.037050597005243617e+05
1.044674268874945992e+05
1.030202727818985732e+05
9.987973471710002923e+04
9.552457742556789890e+04
9.028183989742484118e+04
8.437026978759492340e+04
7.799708969353567227e+04
7.143703507017108495e+04
6.506897931490267365e+04
5.936289654744038126e+04
5.480358380247016612e+04
5.175387297125688201e+04
5.032022623537070467e+04
5.032203687441204238e+04
5.142719816341419937e+04
5.337334071497285186e+04
5.609001856596854486e+04
5.966796776210471580e+04
6.425326173677391489e+04
6.992346884850948118e+04
7.656621914229023969e+04
8.378036462051908893e+04
9.084992127505049575e+04
9.686312637991263182e+04
1.009880951393253054e+05
1.027785708008849178e+05
1.023017278567377070e+05
9.998492352173689869e+04
9.632634473820420681e+04
9.171104210346385662e+04
8.639910659297939856e+04
8.059433020048442995e+04
7.451336287719347456e+04
6.843792155209367047e+04
6.274794581197107618e+04
5.790003611929313774e+04
5.431333081352816225e+04
5.221220139381816989e+04
5.154060532098183467e+04
5.203259749573453882e+04
5.341212263586546032e+04
5.555352514275995782e+04
5.848806330659647938e+04
6.232296863465786737e+04
6.715494378675176995e+04
7.298451574938435806e+04
7.960818505523409112e+04
8.651469705111742951e+04
9.289414363295427756e+04
9.784507435875815281e+04
1.007063424864781118e+05
1.013020859854194132e+05
9.991683796305462602e+04
9.703882998717363807e+04
9.311031471010636596e+04
8.844085835307148227e+04
8.323829627247937606e+04
7.767013246888313734e+04
7.192951172488025622e+04
6.630191459096738254e+04
6.119067036106028536e+04
5.704533983547669050e+04
5.420821233814830339e+04
5.277839664305838232e+04
5.260014675088889635e+04
5.340683076637990598e+04
5.500549969376215449e+04
5.734404445978078002e+04
6.047376697984599741e+04
6.449778443569317460e+04
6.951074300929001765e+04
7.548458560703447438e+04
8.211208885238006769e+04
8.872429742448638717e+04
9.441177367782601505e+04
9.834173025445752137e+04
1.000876311313448532e+05
9.974017717863251164e+04
9.772838983446460043e+04
9.453242035833517730e+04
9.051349500312785676e+04
8.589543807683009072e+04
8.081638206221793371e+04
7.540292825214283948e+04
6.985586348507038201e+04
6.451424906344062038e+04
5.983339936563282390e+04
5.625268962379464210e+04
5.402501487013791484e+04
5.312759474511250301e+04
5.333210475574695010e+04
5.438879418656239432e+04
5.616269170618923090e+04
5.865230239732772316e+04
6.195942376269489614e+04
6.623798840119487431e+04
7.158479506314347964e+04
7.786638958193403960e+04
8.457527523800135532e+04
9.085998692521188059e+04
9.578462017014388402e+04
9.869531599589726829e+04
9.945423190067654650e+04
9.837471858236560365e+04
9.594110612684837542e+04
9.256243631737417309e+04
8.849104250490361301e+04
8.385663071307382779e+04
7.874418006461538607e+04
7.329026080947437731e+04
6.776955865564393753e+04
6.261363096040449454e+04
5.831860899975179200e+04
5.527092000294227910e+04
5.359751578250587772e+04
5.315322480652391096e+04
5.366980786330010596e+04
5.494149583508273645e+04
5.690578816208385979e+04
5.963662839863394765e+04
6.330239017895217694e+04
6.807106484368810197e+04
7.394604685453698039e+04
8.059283506386139197e+04
8.728466380882714293e+04
9.306835104063550534e+04
9.711145154271808860e+04
9.902875820835937338e+04
9.895559966171557608e+04
9.732711181922660035e+04
9.458190173248472274e+04
9.101008840067486744e+04
8.675621994627859385e+04
8.189271281295869267e+04
7.651745400694118871e+04
7.084975142113553011e+04
6.528003674334002426e+04
6.032517140659902361e+04
5.647839386063615530e+04
5.402087001108677941e+04
5.292335458615008247e+04
5.293108049268563627e+04
5.377239117577626894e+04
5.531095330319723143e+04
5.757540762814405753e+04
6.072433552475858596e+04
6.496432959459396079e+04
7.040440387073997408e+04
7.687565128190327960e+04
8.381228868327055534e+04
9.031280643315782072e+04
9.542410201828823483e+04
9.851744214189118065e+04
9.949767430011986289e+04
9.869132546554725559e+04
9.654505656309176993e+04
9.339946374577743700e+04
8.943953448458417552e+04
8.475337535258205025e+04
7.942746724618026929e+04
7.364398118333342427e+04
6.774816407719567360e+04
6.224609154501918238e+04
5.769380973432988685e+04
5.449722997046407545e+04
5.274827266452088224e+04
5.224058443376346258e+04
5.266930128783106193e+04
5.383734317000786541e+04
5.572653713369234174e+04
5.847074139819782431e+04
6.228347194343381852e+04
6.733570107145309157e+04
7.358815583998078364e+04
8.063617711513029644e+04
8.767944459809659747e+04
9.371625827891094377e+04
9.791567830186455103e+04
9.993499160228013352e+04
9.994361083105095895e+04
9.836382195162163407e+04
9.558607840112510894e+04
9.185291691969854583e+04
8.728984079722210299e+04
8.199391557598648069e+04
7.612925809080105682e+04
7.000158820575947175e+04
6.408136311581727932e+04
5.893366608562891633e+04
5.504381985094292031e+04
5.262788052167986461e+04
5.157818328809790546e+04
5.160730908723817993e+04
5.247260760667837894e+04
5.409863078778938507e+04
5.657361082883930067e+04
6.008832968509157945e+04
6.483356128102485673e+04
7.085317792885331437e+04
7.788378313121726387e+04
8.526261107893195003e+04
9.201955814992252272e+04
9.719250500310389907e+04
1.002034485547370714e+05
1.010195775653207384e+05
9.998786708756441658e+04
9.753022042889440490e+04
9.395610977391708002e+04
8.945008354269855772e+04
8.414688280448628939e+04
7.821799846556138073e+04
7.193849325042341661e+04
6.572299730547645595e+04
6.010210481912494288e+04
5.560124764300158131e+04
5.255477526910629240e+04
5.098455748481730552e+04
5.065983391572266555e+04
5.130613172716327972e+04
5.278217936813770939e+04
5.511706834274065477e+04
5.845803051205843076e+04
6.298161875109731773e+04
6.877491545545100234e+04
7.568722001299113617e+04
8.320067022688154248e+04
9.043533261259282881e+04
9.637793916485391674e+04
1.002561791111237835e+05
1.018115185667157930e+05
1.012663237010179582e+05
9.905056268963190087e+04
9.555234865566171356e+04
9.104166473736069747e+04
8.571321350591284863e+04
7.975652276690764120e+04
7.341894047763018170e+04
6.705575164838758064e+04
6.114130773227139434e+04
5.619879131378150487e+04
5.264362429874022200e+04
5.062507102703172859e+04
5.000134961526493862e+04
5.049930718943422835e+04
5.192209601976483100e+04
5.423203501304009114e+04
5.751620636752268911e+04
6.191080815569603146e+04
6.750200253184407484e+04
7.419960674465904594e+04
8.161066195810580393e+04
8.899159547635819763e+04
9.537457564049205394e+04
9.987693152409966569e+04
1.020322268142811372e+05
1.018998293277753401e+05
9.987973713504738407e+04
9.643117899539979408e+04
9.191752847317866690e+04
8.660027479945830419e+04
8.069541540536786488e+04
7.443622973616576928e+04
6.812458978296631540e+04
6.215597876289952546e+04
5.699674148281199450e+04
5.308912169371652999e+04
5.069869514353709383e+04
4.981265172778962733e+04
5.020920152331670397e+04
5.165391355651327467e+04
5.403413734382992698e+04
5.735549677962741407e+04
6.167587343129506189e+04
6.703059476745303255e+04
7.334798126041569049e+04
8.035323809957971389e+04
8.749082856945095409e+04
9.393887482077162713e+04
9.879940553090715548e+04
1.014301195870932279e+05
1.016929216982761282e+05
9.990500333689842955e+04
9.656504830323626811e+04
9.212269081841869047e+04
8.691433096854267933e+04
8.119579809752572328e+04
7.519186410189460730e+04
6.913973026795640180e+04
6.333110477976539551e+04
5.814435416203713248e+04
5.401786303776585555e+04
5.132201561886263516e+04
5.019548345647520182e+04
5.050786865692343417e+04
5.200728336078680150e+04
5.449260757455028943e+04
5.785769482047422935e+04
6.205330486785509856e+04
6.704764823730883654e+04
7.278759032519914035e+04
7.912851252648587979e+04
8.572452348849644477e+04
9.194405295766649942e+04
9.694406423847431142e+04
9.996362255426320189e+04
1.006635876317063376e+05
9.922284339578328945e+04
9.612981343275602558e+04
9.190516924295941135e+04
8.696115513188909972e+04
8.158658666902610275e+04
7.598090393385055359e+04
7.030960026218940038e+04
6.477416799102751975e+04
5.967757171628554352e+04
5.543991095237091940e+04
5.250311220161023084e+04
5.114119215175163117e+04
5.133303431985912175e+04
5.283144886756406777e+04
5.534591005039202719e+04
5.865182218106208893e+04
6.260239691780644353e+04
6.712115482329843508e+04
7.218340234170528129e+04
7.775121390468387108e+04
8.365199293808960647e+04
8.944897254865209106e+04
9.442296291475860926e+04
9.777784489224101708e+04
9.899784732833290764e+04
9.807876161523249175e+04
9.543712146743743506e+04
9.162276615205226699e+04
8.709539452358816925e+04
8.215717534089450783e+04
7.698556829712299805e+04
7.170622092380099639e+04
6.647238967766189307e+04
6.153367775073035591e+04
5.727013280960357224e+04
5.413920839022001019e+04
5.250886412620655756e+04
5.247462275509948086e+04
5.383123832300800132e+04
5.622980322883446934e+04
5.935133548756736127e+04
6.297689415368868504e+04
6.699634472513638320e+04
7.139294006308277312e+04
7.619065279601119983e+04
8.134960223598380981e+04
8.662424252053495729e+04
9.146956052779947640e+04
9.513365665951778647e+04
9.697021468246204313e+04
9.676353654701943742e+04
9.478068709489653702e+04
9.152973883848324476e+04
8.748498313217351097e+04
8.297178592623985605e+04
7.818584947010970791e+04
7.325840401465188188e+04
6.832317234378313879e+04
6.357919848286348861e+04
5.934291733241762267e+04
5.604347768221286969e+04
5.410169479104097263e+04
5.372623082768631866e+04
5.479469509830983588e+04
5.694925378459376952e+04
5.980522375822656613e+04
6.308119844471042597e+04
6.662746646765254263e+04
7.041630472764115257e+04
7.450659465397706663e+04
7.896039689943494159e+04
8.370168270997806394e+04
8.837251250941074977e+04
9.232096875507556251e+04
9.482477943205539486e+04
9.544797909109023749e+04
9.423847834245540434e+04
9.160239200168593379e+04
8.802467198780293984e+04
8.388828291953871667e+04
7.944224424427642953e+04
7.484081996168971818e+04
7.020172828582448710e+04
6.567424807119635807e+04
6.150784180013102014e+04
5.808048924485889438e+04
5.582517937034470378e+04
5.504141538879086875e+04
5.571424616619970038e+04
5.752509419380907639e+04
6.005385034024070774e+04
6.296530888439265254e+04
6.607086203930086049e+04
6.932654116734750278e+04
7.280918789065619058e+04
7.664952054726681672e+04
8.089988218721398152e+04
8.536828290609983378e+04
8.952758656731180963e+04
9.263495149135524116e+04
9.406714123695627495e+04
9.363840351259958697e+04
9.162481913543694827e+04
8.851464634125170414e+04
8.475411230241731391e+04
8.064774539891201130e+04
7.637282843799734837e+04
7.203710903979158320e+04
6.775230376547643391e+04
6.370855144562117493e+04
6.021973401583504892e+04
5.769153088823640428e+04
5.647621221642688761e+04
5.667283105823439109e+04
5.805083645156726561e+04
6.019632737254399399e+04
6.273184934361725027e+04
6.542909471295696130e+04
6.822544478132181393e+04
7.120316573045511905e+04
7.452839716074420721e+04
7.833193793501720938e+04
8.254658495438004320e+04
8.677538700453318597e+04
9.032055535646986391e+04
9.245278399885602994e+04
9.278286834357994667e+04
9.142710432701261016e+04
8.883594230803349637e+04
8.549733388319339429e+04
8.176421427066149772e+04
7.783761212957237149e+04
7.382382034816997475e+04
6.980992500439826108e+04
6.593634937948423612e+04
6.244976261061058904e+04
5.970502335771211801e+04
5.807262505347780825e+04
5.775404862579671317e+04
5.863517490036896925e+04
6.034523082075377897e+04
6.248116304289989057e+04
6.478185646993153205e+04
6.716972286186143174e+04
6.972227095902776637e+04
7.261036477212802856e+04
7.599783961836909293e+04
7.990039401640373399e+04
8.404550440336874453e+04
8.783657151529326802e+04
9.052989957561773190e+04
9.158759899336582748e+04
9.094695077083620708e+04
8.896416447140403034e+04
8.612486225566903886e+04
8.281212299027484551e+04
7.925252796549988852e+04
7.556521320954724797e+04
7.183078795236445148e+04
6.815642404487587919e+04
6.473046392953356553e+04
6.184610715931632149e+04
5.985475683297136129e+04
5.902041688935405546e+04
5.934509283918867004e+04
6.054242062717166118e+04
6.222554691246656148e+04
6.412210070927201741e+04
6.614293127629143419e+04
6.834562454422765586e+04
7.087450546714462689e+04
7.388540950628399150e+04
7.743794583622593200e+04
8.137056255555116513e+04
8.522668911558801483e+04
8.833501664253637136e+04
9.008199972604312643e+04
9.021957116595972911e+04
8.894030569092636870e+04
8.666716805598392966e+04
8.379911790581137757e+04
8.060506702196525293e+04
7.723825384282722371e+04
7.378876636754878564e+04
7.034243305560505542e+04
6.703604999399845838e+04
6.409235734948748723e+04
6.180641687516394450e+04
6.045440465205412329e+04
6.014439040282151836e+04
6.072948492233821889e+04
6.190726717401230417e+04
6.341694411624418717e+04
6.513754443592626922e+04
6.707423046717426041e+04
6.931727384654362686e+04
7.199069367211121425e+04
7.517429342518707563e+04
7.880349414406024152e+04
8.258117055795309716e+04
8.597067690758807294e+04
8.834808057858097891e+04
8.928686809747917869e+04
8.876435561502484779e+04
8.709589422047311382e+04
8.469145147533147247e+04
8.187450302394335449e+04
7.884052299025369575e+04
7.569356878368214529e+04
7.250384951533445565e+04
6.935884969396764063e+04
6.639982767920504557e+04
6.384102551319178019e+04
6.194948230156582576e+04
6.094808571893304907e+04
6.087445534507905541e+04
6.154906045166401600e+04
6.271635919303258561e+04
6.419503295190188510e+04
6.591937683954839304e+04
6.791888123484775133e+04
7.027959628487486043e+04
7.309097799003859109e+04
7.637356194056035019e+04
7.998371097024156188e+04
8.353344034779709182e+04
8.643168897841952275e+04
8.812092208251103875e+04
8.837189040752283472e+04
8.736173940430604853e+04
8.547957702582876664e+04
8.308837958074208291e+04
8.042163502882758621e+04
7.759639194485811458e+04
7.466410299994124216e+04
7.166032649765523092e+04
6.865723781073649297e+04
6.581872567424179579e+04
6.342000107414104423e+04
6.177591084967368806e+04
6.107541891945595853e+04
6.125852002519001690e+04
6.208746750801856251e+04
6.332705341149340529e+04
6.484478281026196782e+04
6.661467271357649588e+04
6.868922026059962809e+04
7.116200955444161082e+04
7.410976138402383367e+04
7.749888464956305688e+04
8.107946321650988830e+04
8.435197505243687192e+04
8.671505245054948318e+04
8.776632092924714379e+04
8.750485296471360198e+04
8.623917303276104212e+04
8.433575731558569532e+04
8.205172075874209986e+04
7.951118904575004126e+04
7.675547770126503019e+04
7.380636875900624727e+04
7.072433735993770824e+04
6.765657527186891821e+04
6.486240250009841111e+04
6.267968827123064693e+04
6.139178387158085388e+04
6.106173833213589387e+04
6.151236504755197529e+04
6.248590765361157537e+04
6.379502357963717805e+04
6.536245513201356516e+04
6.720255929575604387e+04
6.939224917876908148e+04
7.203215095333062345e+04
7.517273474046266347e+04
7.869931859430695476e+04
8.223835414916998707e+04
8.520934059935931873e+04
8.707776554751144431e+04
8.763664789654480410e+04
8.704719801618027850e+04
8.563041634953755420e+04
8.365775417790148640e+04
8.128871807437208190e+04
7.860576712779598893e+04
7.566247155858538463e+04
7.252272256874099548e+04
6.930445848885708256e+04
6.622440514610377431e+04
6.360424758369501069e+04
6.178165641869822866e+04
6.093729101914795319e+04
6.098971114979574486e+04
6.169148680274836806e+04
6.280862472203574725e+04
6.420764012183476734e+04
6.585932969208342547e+04
6.782111888626075233e+04
7.020830341464374214e+04
7.313114305661685648e+04
7.658131823565412196e+04
8.030685932367366331e+04
8.378616445424700214e+04
8.640163923976500519e+04
8.774292720516963163e+04
8.778165787302432000e+04
8.676758681059700029e+04
8.500663906310757739e+04
8.273124975571624236e+04
8.008499043251320836e+04
7.715129569731993251e+04
7.399140888587106019e+04
7.069535215418222651e+04
6.743993066473321232e+04
6.451574712083665509e+04
6.227343464125503669e+04
6.097479050673210440e+04
6.064086823056724825e+04
6.106546024223026325e+04
6.198910053679903649e+04
6.323544605484004569e+04
6.474022764667846059e+04
6.653941752117990109e+04
6.874734707624807197e+04
7.150277045107257436e+04
7.486159887000628805e+04
7.866479751573897374e+04
8.246665872707923700e+04
