3.275554046507843253e+01
3.275554046507843253e+01
3.987754441506258729e+01
4.851025564101085052e+01
5.895633115728914220e+01
7.157417883498224853e+01
8.678751799044910342e+01
1.050991104172357780e+02
1.271099650082978911e+02
1.535429935600521105e+02
1.852631636407681981e+02
2.232788055660242037e+02
2.687116496166087245e+02
3.227417027853925902e+02
3.865530922763401804e+02
4.612937243708644814e+02
5.480169391006600108e+02
6.475750191665134707e+02
7.604715697807785091e+02
8.866930869683839092e+02
1.025546166224916533e+03
1.175539290380790135e+03
1.334355626258406801e+03
1.498951218287652637e+03
1.665782256175860084e+03
1.831131897729735783e+03
1.991480048503010721e+03
2.143841704006465079e+03
2.285999292969422640e+03
2.416576073680771515e+03
2.534935859948884172e+03
2.640938702727856253e+03
2.734620439297842950e+03
2.815884057184039193e+03
2.884283764509535104e+03
2.938949861705857984e+03
2.978660725833575725e+03
3.002036315225500402e+03
3.007806997882731594e+03
2.995107492022416409e+03
2.963761580535263874e+03
2.914536525885486299e+03
2.849353787225622455e+03
2.771472201191663771e+03
2.685695245029201033e+03
2.598521393878601430e+03
2.517655705130434399e+03
2.450117990305318472e+03
2.399956967921065370e+03
2.368068088385432020e+03
2.353796917462111196e+03
2.356206712585071273e+03
2.374473336235455918e+03
2.407791876213786054e+03
2.455093948812940198e+03
2.514699687853073101e+03
2.583961211835301583e+03
2.658975649616996634e+03
2.734515268719620963e+03
2.804365676400730990e+03
2.862168911185303386e+03
2.902563588851186068e+03
2.922142387686613802e+03
2.919904143279424261e+03
2.897193280619107099e+03
2.857152645929988466e+03
2.803768726064064140e+03
2.740931749988938918e+03
2.672076956881455317e+03
2.600584511802647285e+03
2.530644494626291817e+03
2.467878875313813296e+03
2.418652691244059042e+03
2.387905100599749858e+03
2.377581416365631412e+03
2.387104474018234669e+03
2.414463566837919643e+03
2.456808294301329624e+03
2.510743967511667506e+03
2.572625605365714364e+03
2.638830375243160233e+03
2.705837295591573366e+03
2.770046115664144963e+03
2.827494497515445801e+03
2.873801583099722848e+03
2.904642981202848659e+03
2.916770405135887813e+03
2.909129316581961575e+03
2.883399137705674093e+03
2.843486665189365340e+03
2.794069022449253225e+03
2.739073113526686029e+03
2.681055412327577869e+03
2.621611362823305626e+03
2.562361973587382636e+03
2.506012778143617197e+03
2.457032664345269495e+03
2.421292358566647636e+03
2.404137463636460325e+03
2.408093987220527652e+03
2.432359427919809605e+03
2.473785889854903417e+03
2.527929179964007290e+03
2.589888463537372445e+03
2.655030292289501631e+03
2.719457946906296456e+03
2.780057504780749241e+03
2.834148580185619267e+03
2.878983309132177965e+03
2.911452931990473189e+03
2.928336716091340350e+03
2.927205902594253530e+03
2.907642806547456985e+03
2.872005068476898941e+03
2.824974754660799135e+03
2.771817971762604429e+03
2.716478474971544074e+03
2.660920378050089766e+03
2.605879343939501268e+03
2.552125275916918781e+03
2.501514906008069374e+03
2.457640056853409988e+03
2.425764318362205813e+03
2.411420039074936994e+03
2.417993250471332885e+03
2.445344693959455981e+03
2.490353330784218997e+03
2.548127777326664727e+03
2.613135373146037182e+03
2.680178669147804612e+03
2.745032530653593767e+03
2.804551737642300395e+03
2.856307511425070516e+03
2.898020463684401875e+03
2.927130494094035839e+03
2.940833923253680950e+03
2.936790187989246988e+03
2.914339661601525677e+03
2.875554584615325894e+03
2.825193707549675764e+03
2.769094068559188599e+03
2.711885414015959668e+03
2.655863723214536549e+03
2.601653682541294529e+03
2.549606454752144600e+03
2.500937313495753187e+03
2.458424327013870425e+03
2.426585914915951889e+03
2.410829543256950728e+03
2.415333119274140699e+03
2.441065582695901867e+03
2.485615774878047887e+03
2.544264893004948135e+03
2.611230055921764688e+03
2.680810518389785102e+03
2.748229752877297869e+03
2.809923498532720259e+03
2.863282925294382949e+03
2.906106805465602065e+03
2.936089129508262431e+03
2.950664070008545877e+03
2.947466320042570715e+03
2.925421387099480398e+03
2.885987436146072014e+03
2.833605564058539130e+03
2.774525641733278462e+03
2.714348717770018538e+03
2.656215900277451965e+03
2.601048256880275858e+03
2.549005010267228045e+03
2.500793173398802537e+03
2.458461052438015486e+03
2.425735591929512339e+03
2.407612002727104027e+03
2.408736185722078062e+03
2.431216274713819530e+03
2.473678825404816962e+03
2.531943384339112981e+03
2.600247234144232152e+03
2.672495639258296706e+03
2.743306167236064539e+03
2.808532141319194579e+03
2.865175867972835476e+03
2.910909380364783374e+03
2.943525391961077730e+03
2.960631548887877216e+03
2.959866603845020109e+03
2.939775577289463399e+03
2.901094207379253021e+03
2.847635131655981240e+03
2.785724839535950196e+03
2.721904059323059755e+03
2.660471003946755445e+03
2.603005918372669839e+03
2.549712110348998976e+03
2.500928250681448390e+03
2.458072267077215656e+03
2.424098270752541794e+03
2.403399159778170542e+03
2.400720296556792164e+03
2.419119236728471151e+03
2.458407715505834858e+03
2.515230260752217873e+03
2.584118248252392277e+03
2.658763078899195989e+03
2.733219448292635661e+03
2.802682631901748209e+03
2.863623543766349030e+03
2.913425910385940824e+03
2.949843955826098863e+03
2.970591829022951970e+03
2.973344749429115382e+03
2.956358655216889474e+03
2.919656268290723801e+03
2.866203475621426605e+03
2.802002211996162714e+03
2.734282623673350372e+03
2.668660853004608271e+03
2.607743504567205946e+03
2.552063686988626159e+03
2.501754083139562681e+03
2.457704633192753590e+03
2.422150737214165929e+03
2.398797154778895219e+03
2.392182232346784531e+03
2.406003920500497316e+03
2.441247137098053372e+03
2.495597023384570548e+03
2.564153069365921510e+03
2.640624738087353762e+03
2.718619345718406748e+03
2.792658484627451799e+03
2.858578003215212902e+03
2.913333232762172429e+03
2.954505534837978303e+03
2.979829706824400091e+03
2.987021350196846015e+03
2.974142434648909330e+03
2.940590510111890126e+03
2.888385806769691044e+03
2.822834344081135441e+03
2.751440564492781050e+03
2.681093118178473105e+03
2.615749912960856818e+03
2.556617059078549573e+03
2.503825862513976062e+03
2.457855750025563339e+03
2.420305149553067622e+03
2.394184468721945450e+03
2.383615591495561603e+03
2.392593721820996507e+03
2.423113794942948061e+03
2.474013830051763307e+03
2.541207193359358826e+03
2.618685126149122425e+03
2.699792406113258039e+03
2.778428337048166213e+03
2.849733398344422767e+03
2.910116089928626934e+03
2.956853207622059017e+03
2.987595780271938111e+03
3.000067879307438943e+03
2.992206885671761484e+03
2.962909308778535888e+03
2.913266500959154200e+03
2.847620870444176489e+03
2.773263264957565752e+03
2.698074462321702413e+03
2.627559267848146192e+03
2.563976834349022283e+03
2.507728310729827626e+03
2.459036814326030253e+03
2.418964945876743059e+03
2.389868691519621734e+03
2.375339607510016322e+03
2.379366592559292258e+03
2.404684123476978584e+03
2.451267599951213015e+03
2.516027972615907402e+03
2.593504535600352483e+03
2.677021185736020925e+03
2.759979212395250215e+03
2.836815722241517960e+03
2.903299864363096731e+03
2.956278494104635229e+03
2.993202464883675930e+03
3.011740849047231677e+03
3.009737248972488942e+03
2.985709082281859082e+03
2.939919238137239063e+03
2.875617443006760823e+03
2.799428642396261239e+03
2.719754428426800132e+03
2.643627371030862378e+03
2.574718459087369865e+03
2.514043433779683710e+03
2.461773942115396494e+03
2.418556738561194379e+03
2.386161541366261190e+03
2.367611914924003031e+03
2.366665716023836922e+03
2.386485943414206758e+03
2.428045002664918684e+03
2.489343569132539869e+03
2.565703245475130643e+03
2.650699430730852328e+03
2.737428906072260361e+03
2.819679593241583916e+03
2.892523952297324740e+03
2.952267019170832555e+03
2.996039323327459897e+03
3.021368311219116094e+03
3.025995292433130544e+03
3.008153023806976762e+03
2.967416622951860973e+03
2.905945883026411593e+03
2.829366549593447417e+03
2.746042288633399949e+03
2.664262718515963570e+03
2.589354764761829756e+03
2.523342413777026650e+03
2.466614303731370910e+03
2.419552541824616583e+03
2.383430204816224432e+03
2.360715186808434282e+03
2.354791877384431700e+03
2.368962512796334067e+03
2.404966230167175581e+03
2.461879281496764179e+03
2.535976458401899890e+03
2.621354183132915750e+03
2.711052224401309104e+03
2.798332136214984530e+03
2.877559209038708559e+03
2.944406608694441729e+03
2.995568126304661746e+03
3.028329186119554379e+03
3.040287907795228421e+03
3.029449024422101047e+03
2.994842335399699095e+03
2.937636145262928039e+03
2.862279743700943527e+03
2.776570157649510747e+03
2.689569221666849444e+03
2.608295584282859636e+03
2.536166048979439438e+03
2.474122767153338827e+03
2.422479816446168115e+03
2.382124000791601702e+03
2.355009244938014035e+03
2.344071155489735702e+03
2.352521944276260456e+03
2.382600769444724392e+03
2.434345957879513662e+03
2.505071521325349750e+03
2.589627804363120049e+03
2.681272865134160838e+03
2.772930793299903598e+03
2.858306800174888849e+03
2.932383739494060137e+03
2.991313819402742411e+03
3.032035701100502138e+03
3.051941099662780744e+03
3.048826127288602947e+03
3.021293925253929501e+03
2.969668818776126500e+03
2.897194338273801804e+03
2.810693301015819543e+03
2.719399782823639271e+03
2.631801888997975766e+03
2.552997589899109698e+03
2.484868894060310595e+03
2.427914119182885770e+03
2.382770403023161634e+03
2.350940207944463509e+03
2.334884921903282702e+03
2.337568343692707458e+03
2.361475768716080438e+03
2.407422046693368429e+03
2.473754029529307900e+03
2.556244572778052770e+03
2.648640807736257102e+03
2.743770849041819019e+03
2.834791576361917578e+03
2.915980257954814988e+03
2.982863197882804343e+03
3.031931618970171257e+03
3.060294692053442759e+03
3.065527801634316347e+03
3.045890210641973226e+03
3.001017648576832926e+03
2.933028509597212178e+03
2.847529752125329196e+03
2.753333710184464508e+03
2.659937879144098133e+03
2.574220294500576074e+03
2.499391053764625212e+03
2.436442994019230809e+03
2.385936886964346741e+03
2.349009237364920409e+03
2.327659519367594839e+03
2.324508097135060325e+03
2.342075660676266125e+03
2.381734012125751633e+03
2.442772129540235255e+03
2.521972592985370284e+03
2.613806056543489376e+03
2.711275482550386641e+03
2.807165779184261282e+03
2.895087795407094745e+03
2.969887820023424410e+03
3.027520110353639211e+03
3.064729565099166848e+03
3.078834435268759989e+03
3.067795017013610050e+03
3.030693929751059386e+03
2.968666495280282106e+03
2.886026154735082855e+03
2.790678980817596312e+03
2.692520028957712839e+03
2.600054098934512240e+03
2.518134536999004467e+03
2.448605290585340754e+03
2.392171590240308888e+03
2.349719664307755465e+03
2.322830682386002991e+03
2.313736904375512495e+03
2.324837150458890846e+03
2.357841812388611288e+03
2.412828456188349719e+03
2.487591375860814424e+03
2.577497481112190144e+03
2.675995251116202326e+03
2.775728400007782966e+03
2.869742458961230113e+03
2.952189522610491167e+03
3.018415109231676979e+03
3.064718503578480068e+03
3.088107336037964160e+03
3.086253982887837537e+03
3.057789819043119678e+03
3.003027434507589078e+03
2.925037910946778538e+03
2.830506187385263274e+03
2.729082778006762055e+03
2.630492023585798506e+03
2.541386014590440482e+03
2.464830009690862425e+03
2.401947220539148475e+03
2.353526782742011164e+03
2.320804880210886040e+03
2.305620884734550145e+03
2.310145257909278826e+03
2.336232943816246461e+03
2.384561993312314371e+03
2.453864614810515377e+03
2.540500276809671959e+03
2.638603242970286828e+03
2.740940688748995399e+03
2.840156345228520422e+03
2.929742612215539339e+03
3.004389291445096205e+03
3.059874772480387946e+03
3.092832290866660060e+03
3.100630232758169313e+03
3.081513941816851002e+03
3.035121953390741510e+03
2.963413829123013784e+03
2.871718167731128233e+03
2.768885111514702658e+03
2.665263723030213441e+03
2.569229559985717515e+03
2.485395854891528870e+03
2.415624701780204759e+03
2.360804538237288853e+03
2.321930986071409734e+03
2.300479285929151047e+03
2.298328385537554823e+03
2.317318710596934579e+03
2.358532933277710526e+03
2.421510611092252930e+03
2.503621053019652209e+03
2.599869082296586384e+03
2.703416270581552908e+03
2.806722130656966328e+03
2.902708802946045580e+03
2.985395873969081094e+03
3.049977621247203842e+03
3.092645189439673231e+03
3.110427204798477760e+03
3.101214720205468439e+03
3.064092973016483938e+03
3.000074010830669977e+03
2.913144791920203261e+03
2.810964024602567406e+03
2.703837461005907244e+03
2.601532544414653330e+03
2.510417072606208876e+03
2.433439727734689768e+03
2.371831261704508506e+03
2.326484701504159602e+03
2.298570279434185977e+03
2.289649258352182642e+03
2.301426635234575315e+03
2.335205975985931218e+03
2.391169180422851241e+03
2.467641466448959818e+03
2.560611794578263925e+03
2.663884075278756427e+03
2.769988165360746734e+03
2.871422281851450862e+03
2.961561718674461190e+03
3.034972125178076567e+03
3.087336982934690241e+03
3.115296582501622197e+03
3.116391568498397191e+03
3.089240639080758228e+03
3.034070686816027319e+03
2.953641925517636992e+03
2.854221300170960603e+03
2.745455211944393341e+03
2.637953910452532455e+03
2.539848359709858414e+03
2.455506401683016065e+03
2.386789914355375004e+03
2.334663906762601528e+03
2.300082371017010701e+03
2.284296378603006815e+03
2.288792875272009951e+03
2.314936732023241348e+03
2.363373091958224904e+03
2.433272520909448303e+03
2.521645594836526016e+03
2.623138057721229416e+03
2.730617818603728210e+03
2.836358217465383859e+03
2.933163848726047945e+03
3.014953273427978274e+03
3.076844717255678006e+03
3.115034685068765612e+03
3.126695338719996926e+03
3.110031709325155134e+03
3.064625041115557451e+03
2.992173165504386816e+03
2.897521113829670412e+03
2.789189399854382827e+03
2.677962751696352825e+03
2.573496376562177829e+03
2.481828650550805378e+03
2.405776897088556780e+03
2.346593250311777410e+03
2.305135219454689377e+03
2.282383706479598914e+03
2.279562277993812131e+03
2.297967877344033695e+03
2.338531912458660827e+03
2.401120618185138483e+03
2.483732225838124577e+03
2.581987742263328983e+03
2.689346933070978139e+03
2.798098229351387999e+03
2.900601605055109758e+03
2.990144092107508186e+03
3.061235057030649841e+03
3.109570130629949745e+03
3.131918489112140378e+03
3.126093843852745522e+03
3.091138501264857496e+03
3.027861480838588250e+03
2.939778050707167495e+03
2.834011641846670045e+03
2.720861575976438871e+03
2.611028812945704431e+03
2.512312042617324551e+03
2.428815273986212105e+03
2.362336698617619732e+03
2.313791166298617554e+03
2.283961815111731994e+03
2.273799494064389819e+03
2.284437407930471636e+03
2.316930540684693824e+03
2.371669497946897081e+03
2.447546196312009215e+03
2.541216282893239168e+03
2.646945487706604581e+03
2.757298772951582578e+03
2.864370032480221653e+03
2.960872405116256687e+03
3.040683513074162420e+03
3.098944567490420468e+03
3.131976064596292872e+03
3.137197020863937269e+03
3.113182359054660083e+03
3.060008776757708802e+03
2.980022015401729277e+03
2.878865378958676501e+03
2.765816151254340639e+03
2.651978298625605930e+03
2.546770885898090000e+03
2.455868336189078491e+03
2.381914654776710449e+03
2.326074298125889527e+03
2.289038024680564831e+03
2.271509557544356539e+03
2.274397529659373959e+03
2.298740915630925883e+03
2.345277559839395963e+03
2.413654280994892815e+03
2.501547992587338740e+03
2.604184604081505313e+03
2.714663527631129455e+03
2.825036343021925859e+03
2.927548790917991482e+03
3.015452426483075214e+03
3.083289815062941670e+03
3.126881109349837971e+03
3.143226821594703779e+03
3.130472888419278206e+03
3.088089199087670750e+03
3.017434222565143500e+03
2.922732976398268875e+03
2.811895191911472466e+03
2.695743564653574595e+03
2.584926476466587246e+03
2.486847754112694929e+03
2.405319495057610766e+03
2.341990672543504843e+03
2.297599678779789883e+03
2.272663167671709289e+03
2.267840130429582587e+03
2.284043129385801421e+03
2.322187588909016085e+03
2.382508159617309957e+03
2.463625645245782835e+03
2.561808824929579714e+03
2.670919557318907209e+03
2.783220479852918288e+03
2.890648396787662932e+03
2.985871731503586034e+03
3.062806359707367847e+03
3.116719996994992016e+03
3.144155837110409720e+03
3.142840256936213791e+03
3.111725893658213863e+03
3.051356193912967683e+03
2.964688184707832988e+03
2.858119832288286943e+03
2.741594560596975498e+03
2.626395612751003227e+03
2.521611226983365668e+03
2.432523438266973699e+03
2.361543323270660949e+03
2.309634336160411749e+03
2.277220837176159876e+03
2.264723309499908282e+03
2.272850646483160290e+03
2.302544243681957596e+03
2.354447289418036235e+03
2.427996766442844091e+03
2.520513273501404910e+03
2.626796300622621402e+03
2.739579625045002558e+03
2.850698136289353442e+03
2.952325584938294014e+03
3.037747454468682008e+03
3.101632712522300608e+03
3.140019008700443464e+03
3.150198766174877164e+03
3.130661496600098872e+03
3.081279524993586620e+03
3.003928983680474175e+03
2.903518270497088906e+03
2.788690084540947282e+03
2.670674348796163031e+03
2.559948262341360078e+03
2.463475564119060436e+03
2.384738211788653643e+03
2.325142657236767263e+03
2.285151414902988563e+03
2.264994223582268205e+03
2.265134721723976327e+03
2.286414618754202365e+03
2.329708466598772702e+03
2.395107435813748907e+03
2.480925230063748586e+03
2.583005996103897360e+03
2.694794890539874359e+03
2.808268524375298512e+03
2.915245449079624905e+03
3.008410558484818921e+03
3.081800734137020299e+03
3.130896392171605839e+03
3.152523349456495453e+03
3.144730195216126958e+03
3.106825767904600525e+03
3.039791128015842787e+03
2.947177445168572831e+03
2.836113028465662410e+03
2.717126864301220849e+03
2.601557121871969684e+03
2.498088132253143613e+03
2.411580425126240698e+03
2.344142687894804112e+03
2.296443222158685330e+03
2.268605994121780441e+03
2.260845194303008157e+03
2.273808697016633687e+03
2.308439223991525523e+03
2.365302190363986938e+03
2.443590074297165756e+03
2.540224656102425342e+03
2.649557776819794981e+03
2.763967653463620536e+03
2.875107896360543236e+03
2.975135221291986909e+03
3.057442362409856287e+03
3.116903885833529785e+03
3.149833921554120025e+03
3.153835346697665955e+03
3.127723732068131540e+03
3.071746352220509380e+03
2.988283329912096633e+03
2.882920598024451920e+03
2.764990052642762748e+03
2.646019422585827215e+03
2.536214468345838213e+03
2.442061949700271271e+03
2.366666374410589469e+03
2.311108262511152589e+03
2.275528667489475083e+03
2.259926914248496360e+03
2.264698189958116473e+03
2.290713276824499644e+03
2.338828983264211729e+03
2.408962013050126188e+03
2.499073875909324215e+03
2.604554657928285451e+03
2.718434381353263689e+03
2.832434294244417288e+03
2.938305003599826250e+03
3.028813537518790326e+03
3.098190407925987984e+03
3.142186731526799122e+03
3.157933462831138513e+03
3.143788401815638736e+03
3.099390536073388830e+03
3.026144827664873901e+03
2.928199674432487882e+03
2.813400060906866656e+03
2.692781141260447384e+03
2.577621765540797696e+03
2.476142926669210738e+03
2.392749849331358291e+03
2.329180782537512187e+03
2.285755194000023494e+03
2.262332127131475772e+03
2.259033241628448195e+03
2.276546900584773539e+03
2.315848311977441881e+03
2.377400048561707536e+03
2.460104753045444795e+03
2.560448963096955140e+03
2.672328457552078817e+03
2.787789562855942222e+03
2.898350763497396656e+03
2.996211714347558882e+03
3.074939349520230280e+03
3.129670910631298284e+03
3.157023735645725083e+03
3.154903255772976536e+03
3.122426785277202271e+03
3.060201089017785307e+03
2.971115281226702791e+03
2.861438996758198755e+03
2.741149234320828782e+03
2.621963214650948885e+03
2.513728057982583323e+03
2.422418751962364695e+03
2.350711232340773222e+03
2.299303332497443989e+03
2.268029340158793275e+03
2.256756803245946685e+03
2.265915378494868946e+03
2.296445569773648913e+03
2.349169281448144829e+03
2.423785536750126994e+03
2.517862178935656175e+03
2.626316578653552824e+03
2.741777894055916022e+03
2.855753126408621483e+03
2.959980768919758248e+03
3.047372444568116407e+03
3.112408544565597367e+03
3.151141928069896494e+03
3.161006481375410203e+03
3.140647283416376013e+03
3.090015827188110961e+03
3.010943595595917031e+03
2.908192139456761197e+03
2.790310513280534451e+03
2.668755604897911780e+03
2.554639799947417032e+03
2.455669384669948613e+03
2.375756182277062635e+03
2.316213970838556179e+03
2.277009035563246471e+03
2.257816553539423239e+03
2.258768745975319234e+03
2.280645554518284825e+03
2.324447121836408769e+03
2.390494287375784552e+03
2.477355698857303196e+03
2.581054713051795716e+03
2.695034155169159021e+03
2.811042529135005680e+03
2.920515444847006165e+03
3.015754712507984550e+03
3.090557035543204620e+03
3.140357598616169980e+03
3.162080962344575710e+03
3.153916437180798766e+03
3.115263635005840570e+03
3.047086969324160236e+03
2.952802418543135445e+03
2.839373117380073381e+03
2.717370121246483450e+03
2.598590787467050177e+03
2.492446245294519485e+03
2.404364392340250561e+03
2.336545948908933042e+03
2.289286363978153531e+03
2.262174252727409112e+03
2.255046156588354734e+03
2.268428022352104108e+03
2.303333545721492555e+03
2.360517124441584201e+03
2.439415728617838795e+03
2.537168211166004767e+03
2.648210581179331712e+03
2.764795695181860992e+03
2.878264242864192056e+03
2.980399531296177884e+03
3.064312917130094775e+03
3.124773899906016140e+03
3.158147699843148985e+03
3.162156717243907224e+03
3.135712945748359289e+03
3.079073542950872252e+03
2.994511320999970849e+03
2.887422960571045678e+03
2.767043593790478099e+03
2.645159810842669231e+03
2.532616653949070042e+03
2.436559138275086752e+03
2.360367244106475027e+03
2.304900753386072211e+03
2.269812436235925816e+03
2.254688344470306220e+03
2.259743235805817676e+03
2.285864264584648481e+03
2.334051887065892970e+03
2.404442985107203185e+03
2.495231951476412632e+03
2.601959257357812476e+03
2.717627761706468391e+03
2.833729826975121796e+03
2.941673064228399198e+03
3.033916474198983451e+03
3.104529354114568832e+03
3.149262226723882577e+03
3.165337745370371977e+03
3.151209000880230633e+03
3.106546482459628351e+03
3.032681408588452541e+03
2.933582166580925332e+03
2.816913100060353827e+03
2.693777933740844674e+03
2.575943990379662409e+03
2.472317000366008415e+03
2.387742322997079555e+03
2.323912200874634891e+03
2.280738336558674746e+03
2.257647820700172815e+03
2.254526607695584971e+03
2.272025584418431208e+03
2.311216444292536835e+03
2.372748110310772972e+03
2.455752941627559267e+03
2.556911804979811677e+03
2.670179734230767281e+03
2.787466114514974379e+03
2.899997307292925143e+03
2.999656592887842180e+03
3.079801113085673023e+03
3.135513575162538928e+03
3.163468677317835954e+03
3.161658861338458792e+03
3.129248009132842526e+03
3.066801599666716811e+03
2.977056959996583828e+03
2.866069229290827479e+03
2.743732329014246716e+03
2.622062732954542753e+03
2.511543628870202610e+03
2.418715584968694657e+03
2.346393917145793694e+03
2.294984862288889872e+03
2.263896580644258847e+03
2.252711753183706605e+03
2.261769784129352502e+03
2.292060537211767496e+03
2.344552863997955683e+03
2.419157384105111760e+03
2.513658401391001462e+03
2.623101575827058696e+03
2.740071327310705328e+03
2.855850983229582653e+03
2.961875228987677474e+03
3.050809219590649718e+03
3.117025352854964240e+03
3.156593635853297201e+03
3.167019419648637268e+03
3.147002231160284737e+03
3.096479842724736955e+03
3.017167764839310166e+03
2.913616358208992551e+03
2.794192939331861908e+03
2.670460825304281116e+03
2.554047636621151469e+03
2.453291069867485476e+03
2.372420996254216334e+03
2.312608355494739953e+03
2.273431167438006923e+03
2.254241478822010322e+03
2.255029997177488895e+03
2.276579888836125974e+03
2.319996470434210551e+03
2.385783423828717787e+03
2.472728567559711792e+03
2.577032034764834862e+03
2.692176546738145589e+03
2.809767476528750194e+03
2.920970813681241452e+03
3.017821356085240041e+03
3.093958491830785533e+03
3.144789827580905239e+03
3.167288678779383190e+03
3.159699346940933083e+03
3.121428633161519429e+03
3.053360759051088735e+03
2.958726398498276467e+03
2.844260469449098764e+03
2.720476724074756930e+03
2.599515037802279949e+03
2.491408938916545594e+03
2.402054926967663505e+03
2.333682734767271086e+03
2.286274917699983689e+03
2.259076418229572937e+03
2.251733796662862005e+03
2.264731338159307597e+03
2.299146058486062429e+03
2.355879905827014682e+03
2.434575924593446871e+03
2.532577098232487515e+03
2.644429824097265282e+03
2.762329047465845633e+03
2.877399843790329214e+03
2.981157506691632534e+03
3.066515227823169880e+03
3.128167942300064169e+03
3.162500177085310042e+03
3.167282572410602825e+03
3.141447967549422629e+03
3.085204696268523548e+03
3.000676395242159288e+03
2.893026305079956273e+03
2.771317722725713338e+03
2.647488727623073828e+03
2.532919756191842680e+03
2.435324072610266740e+03
2.358289601157333891e+03
2.302477129741394492e+03
2.267201142156689912e+03
2.251814922534977086e+03
2.256447890759641268e+03
2.282009925104510330e+03
2.329610699838257460e+03
2.399568423109388277e+03
2.490289424542084362e+03
2.597476613081354117e+03
2.714156728003882108e+03
2.831675828242236094e+03
2.941193850483198275e+03
3.034943805990839792e+03
3.106874400760428216e+03
3.152720226082195495e+03
3.169738272598754065e+03
3.156408846984175852e+03
3.112378478118092971e+03
3.038866925807887583e+03
2.939630676573011442e+03
2.822101066888434161e+03
2.697359678649794205e+03
2.577558489022273079e+03
2.472200625433470577e+03
2.386503974807388204e+03
2.322108744426321209e+03
2.278627579102525033e+03
2.255222791897177103e+03
2.251652783783596078e+03
2.268552328896763811e+03
2.307063630944057422e+03
2.367984673395105801e+03
2.450651093162644429e+03
2.551938126948964509e+03
2.665895731188246828e+03
2.784364794863248790e+03
2.898365143737137259e+03
2.999543369540821004e+03
3.081095037541881993e+03
3.138047593541751212e+03
3.167089317144938832e+03
3.166239126900288738e+03
3.134654589960448902e+03
3.072823847302093782e+03
2.983307382505611258e+03
2.871911360434708968e+03
2.748377140553115169e+03
2.624921819278925341e+03
2.512575044906341645e+03
2.418375656950886878e+03
2.345254044904057537e+03
2.293395525262412775e+03
2.261929593858899807e+03
2.250271912116032127e+03
2.258708629037126684e+03
2.288262772749691976e+03
2.340016163963984127e+03
2.414061454554902411e+03
2.508389829770345841e+03
2.618196831860709153e+03
2.736076657159917431e+03
2.853164746746862420e+03
2.960668358101400372e+03
3.051059728578942213e+03
3.118615198715644055e+03
3.159391372207561744e+03
3.170912455711876646e+03
3.151882081867484885e+03
3.102188611745832077e+03
3.023409477729976970e+03
2.919861423102916888e+03
2.799681845657224130e+03
2.674454525048513460e+03
2.556229641084775267e+03
2.453906650217189508e+03
2.371997885198224139e+03
2.311569858675386968e+03
2.271934813658262556e+03
2.252244182279207507e+03
2.252399772673723874e+03
2.273182782182360370e+03
2.315774549043797379e+03
2.380831029638955897e+03
2.467342471915534134e+03
2.571695013975903748e+03
2.687452090623105050e+03
2.806141468924894070e+03
2.918731682088369325e+03
3.017047447716308852e+03
3.094593422010120321e+03
3.146731785472316460e+03
3.170440478486194024e+03
3.163971377106214277e+03
3.126702644300827160e+03
3.059416733455696885e+03
2.965143408910076687e+03
2.850358930615993813e+03
2.725452206171758462e+03
2.602814209071631012e+03
2.493025630250228460e+03
2.402408225966986720e+03
2.333233931250189471e+03
2.285267001509351758e+03
2.257529550641618698e+03
2.249545380092191863e+03
2.261764026327130068e+03
2.295302821981250418e+03
2.351181524679640006e+03
2.429227707196348092e+03
2.526987403351350167e+03
2.639145114523282700e+03
2.757892467868258336e+03
2.874205833660383632e+03
2.979391114886345804e+03
3.066194571663993429e+03
3.129230651517877959e+03
3.164868103768500987e+03
3.170881991607644522e+03
3.146190066245137132e+03
3.090929483571572746e+03
3.007062015861879900e+03
2.899499558240012902e+03
2.777086124576521343e+03
2.651828541007197146e+03
2.535561055744665282e+03
2.436514239344312500e+03
2.358478535329383703e+03
2.301982461671524561e+03
2.266114595219723469e+03
2.250074917118296526e+03
2.253927419615413328e+03
2.278589048747695870e+03
2.325251323639184193e+03
2.394389566237884083e+03
2.484612885876467772e+03
2.591802353857756316e+03
2.709051693081557005e+03
2.827621068423331508e+03
2.938481502563261984e+03
3.033678004191653145e+03
3.107043650278797486e+03
3.154271496632441085e+03
3.172613508125783937e+03
3.160541552052160114e+03
3.117654519638364945e+03
3.045048399974564745e+03
2.946257325695586132e+03
2.828449996189625381e+03
2.702618565395634050e+03
2.581215390385163118e+03
2.474280873760204486e+03
2.387385974530928252e+03
2.322160344436250853e+03
2.278015461075501662e+03
2.253936647739339605e+03
2.249588119128628023e+03
2.265581360436297928e+03
2.303105371140777152e+03
2.363082169443323437e+03
2.445035661286992308e+03
2.546040771469617084e+03
2.660273855552662553e+03
2.779559856991535526e+03
2.894769387248289149e+03
2.997355321032137908e+03
3.080366249525192416e+03
3.138758426252584741e+03
3.169199735203001637e+03
3.169700830117801161e+03
3.139387910740123061e+03
3.078658403878015179e+03
2.989888928721302364e+03
2.878620348068912335e+03
2.754392873061970931e+03
2.629544476734106411e+03
2.515581461139145176e+03
2.420009237107743957e+03
2.345893492462945233e+03
2.293277930732184814e+03
2.261104209171291586e+03
2.248667485721855428e+03
2.256203047227716525e+03
2.284748139560758773e+03
2.335473264288513747e+03
2.408634320652568022e+03
2.502426182666638852e+03
2.612214584180026122e+03
2.730646960995115023e+03
2.848765040140811834e+03
2.957594912374195701e+03
3.049438773014383059e+03
3.118470538633006981e+03
3.160705721143215669e+03
3.173654373364309322e+03
3.155998074414332677e+03
3.107560661573309972e+03
3.029775163238926325e+03
2.926716761758412304e+03
2.806262171752257018e+03
2.679948029098570714e+03
2.560170639819225926e+03
2.456346932753544934e+03
2.373274364748925564e+03
2.311974151558397352e+03
2.271580664593221172e+03
2.251102929937732370e+03
2.250366802723284763e+03
2.270138344032489840e+03
2.311652632169558728e+03
2.375697171669595264e+03
2.461454946878280225e+03
2.565508292792313568e+03
2.681534928340379793e+03
2.801034222355431666e+03
2.914825064998483413e+03
3.014551815537784933e+03
3.093587183000133791e+03
3.147227288739512915e+03
3.172424365323221082e+03
3.167411089070360958e+03
3.131519960720208019e+03
3.065424401814510475e+03
2.971949555685611813e+03
2.857296387220917495e+03
2.731678273732434718e+03
2.607661074245736927e+03
2.496315501919198141e+03
2.404375720998848010e+03
2.334195380968673817e+03
2.285399849222582361e+03
2.256855453998986377e+03
2.247987433469068037e+03
2.259204178133955338e+03
2.291644104493843315e+03
2.346423663032570857e+03
2.423540717808960380e+03
2.520745922963441444e+03
2.632885388397651241e+03
2.752189937512319830e+03
2.869534713111252131e+03
2.976051308912348304e+03
3.064330315975884787e+03
3.128892659430911408e+03
3.166064660445856134e+03
3.173599078930509222e+03
3.150379780010011473e+03
3.096463709540562832e+03
3.013648325191909407e+03
2.906586999749240476e+03
2.783871346694708791e+03
2.657509147418659268e+03
2.539720923059409870e+03
2.439226390841736247e+03
2.360039963910200640e+03
2.302624628026714163e+03
2.265914759158171364e+03
2.248992578649570987e+03
2.251858030409039202e+03
2.275419837022860975e+03
2.320931121031943803e+03
2.389007320669998990e+03
2.478455012615060696e+03
2.585347368550083957e+03
2.702879556225062970e+03
2.822270945234236024e+03
2.934342469854637329e+03
3.030969993551229891e+03
3.105865793469602067e+03
3.154659409945898005e+03
3.174571907931794158e+03
3.164046487122360759e+03
3.122623294471494773e+03
3.051271501064282347e+03
2.953300909989287447e+03
2.835599339203297859e+03
2.709016371546798837e+03
2.586233067925315936e+03
2.477783393382930626e+03
2.389595920703236970e+03
2.323341466316919195e+03
2.278301770867246432e+03
2.253331191595469136e+03
2.248009891383355807e+03
2.262915552578950155e+03
2.299265615843567048e+03
2.358087917716531138e+03
2.439084233020552347e+03
2.539534608574980666e+03
2.653767460010393279e+03
2.773632457065342351e+03
2.889891734295870720e+03
2.993829827491886590e+03
3.078351023005368916e+03
3.138323958798586318e+03
3.170372015846098293e+03
3.172476422242121316e+03
3.143718847967435977e+03
3.084401351225383223e+03
2.996716694831926816e+03
2.885932785565826180e+03
2.761352467843928935e+03
2.635367256874041232e+03
2.519902598137839959e+03
2.422918084655811072e+03
2.347650519682366848e+03
2.294068303945818116e+03
2.260979659806101154e+03
2.247578920196309809e+03
2.254045632282007318e+03
2.281415612125282678e+03
2.330929878780535546e+03
2.402993795246227364e+03
2.496004286067428893e+03
2.605514103813491602e+03
2.724258387409140596e+03
2.843225726260048759e+03
2.953291639646739895e+03
3.046598487726405892e+03
3.117207604282235479e+03
3.161072050706861319e+03
3.175666263074097969e+03
3.159634769617216079e+03
3.112730181612477736e+03
3.036241005932206917e+03
2.933999495417428989e+03
2.813600890307215650e+03
2.686479182450849294e+03
2.565310925950520868e+03
2.460000640415237740e+03
2.375650397561909358e+03
2.313293336857808299e+03
2.271945434865554034e+03
2.250502847394639502e+03
2.248717158958916571e+03
2.267327066622783150e+03
2.307604289364470333e+03
2.370452231254084381e+03
2.455239502061462190e+03
2.558753245743268963e+03
2.674812483989727752e+03
2.794926406438607955e+03
2.909798467477144641e+03
3.010909834540465909e+03
3.091497849453984145e+03
3.146774953417685538e+03
3.173646660112370682e+03
3.170309973876525873e+03
3.136042894944479031e+03
3.071408359636571276e+03
2.979028348370317872e+03
2.864819443603301806e+03
2.738779779873816551e+03
2.613584237776014561e+03
2.500747076387350717e+03
2.407417161192947333e+03
2.336075153655928716e+03
2.286267982621985993e+03
2.256745073127612613e+03
2.246842292564918353e+03
2.256918775438679859e+03
2.288118777905029674e+03
2.341639209983370620e+03
2.417637242765208157e+03
2.514069648357358346e+03
2.625963190590096474e+03
2.745621685923456880e+03
2.863854927593154116e+03
2.971643438760917888e+03
3.061425667257239638e+03
3.127616057799144983e+03
3.166478807034659894e+03
3.175726900944407589e+03
3.154199466779146860e+03
3.101869866691919924e+03
3.020373148318246422e+03
2.914102524499898664e+03
2.791373180786093599e+03
2.664136479481140213e+03
2.544940482415467613e+03
2.442977905653774542e+03
2.362518408233590890e+03
2.304016621779448542e+03
2.266299348671404914e+03
2.248348578555918266e+03
2.250096978131457945e+03
2.272432297594787087e+03
2.316653472407222580e+03
2.383502679024172721e+03
2.471979722743262755e+03
2.578361128333012857e+03
2.695971252705886855e+03
2.816024024872768678e+03
2.929218337831536246e+03
3.027271291270355960e+03
3.103766857771058312e+03
3.154253622771048413e+03
3.175903873138287054e+03
3.167119531277468468e+03
3.127376514805529496e+03
3.057518093933749697e+03
2.960631880989843012e+03
2.843313513170149236e+03
2.716226711864761000e+03
2.592218120373689999e+03
2.482280537511841885e+03
2.392715349326549131e+03
2.325284584544570862e+03
2.279191906095366448e+03
2.253186998779048736e+03
2.246768493619994842e+03
2.260470592659549766e+03
2.295524624309078717e+03
2.353049755419657686e+03
2.432917125956505515e+03
2.532616120705455614e+03
2.646647937229019135e+03
2.766919587469604267e+03
2.884115895950272716e+03
2.989369858998799373e+03
3.075439997394096736e+03
3.137093124418138359e+03
3.170890541041358119e+03
3.174770038541714712e+03
3.147761201438763692e+03
3.090069905144661334e+03
3.003708307321055145e+03
2.893668719252328628e+03
2.768988872672274283e+03
2.642055389679238942e+03
2.525162553189722985e+03
2.426721063187709660e+03
2.350178369131877389e+03
2.295480720804758221e+03
2.261337665516214656e+03
2.246851912714743776e+03
2.252141268248138658e+03
2.278227413008245549e+03
2.326407336906380351e+03
2.397224521193165856e+03
2.489276256102345997e+03
2.598315771966100328e+03
2.717193866139097281e+03
2.836878212654846720e+03
2.948116115555448232e+03
3.042895011464252548e+03
3.115153613458005566e+03
3.160766078932535038e+03
3.177156268195305984e+03
3.162922209414789450e+03
3.117742444212877217e+03
3.042763639215301737e+03
2.941577302673235408e+03
2.821483036736403392e+03
2.693765531158137037e+03
2.571322627713377642e+03
2.464523760681420754e+03
2.378801401218382580e+03
2.315251327856722128e+03
2.272813050362006379e+03
2.250286584754425803e+03
2.247347628067416736e+03
2.264697158321092502e+03
2.303629747125576614e+03
2.365151788830192800e+03
2.448811255206809619e+03
2.551606701231567058e+03
2.667520397324539772e+03
2.788102388016695386e+03
2.903967251929745089e+03
3.006444239181191733e+03
3.088630292377396017e+03
3.145639757627698600e+03
3.174316084213862723e+03
3.172809530150757837e+03
3.140338688050309884e+03
3.077357195800263071e+03
2.986287931006280360e+03
2.872758802464449218e+03
2.746520955903072718e+03
2.620299887618895355e+03
2.506012598587269622e+03
2.411231440343833583e+03
2.338608348227256556e+03
2.287658540763287419e+03
2.257039294286209497e+03
2.246000719557639513e+03
2.254845173116004844e+03
2.284710335139851850e+03
2.336860177339381607e+03
2.411601685157017073e+03
2.507098371464652246e+03
2.618572956224734753e+03
2.738429984405218875e+03
2.857442829410941158e+03
2.966458138094345941e+03
3.057762834642719099e+03
3.125653472518356921e+03
3.166317072962084694e+03
3.177414496982823948e+03
3.157733278878559304e+03
3.107162472581864677e+03
3.027178696464724908e+03
2.921916670975902889e+03
2.799397582867680285e+03
2.671466847353883168e+03
2.550946715516081440e+03
2.447492108369393463e+03
2.365661645055467488e+03
2.305949847434179446e+03
2.267108533650586196e+03
2.248029243513831261e+03
2.248573230675559444e+03
2.269596699002590412e+03
2.312431361003052189e+03
2.377934669399983250e+03
2.465295455648074949e+03
2.571002313042220067e+03
2.688531567153406741e+03
2.809120843594711005e+03
2.923369137380857865e+03
3.022841414142224494e+03
3.100985887352304417e+03
3.153256234371072424e+03
3.176762774709655332e+03
3.169857555056744332e+03
3.131949517945324260e+03
3.063758803556986095e+03
2.968155240503313053e+03
2.851435745735592263e+03
2.724042363276190372e+03
2.598930245143435059e+03
2.487520479512535076e+03
2.396506226175320080e+03
2.327786530760220558e+03
2.280526242179485962e+03
2.253387190481018933e+03
2.245786419242089778e+03
2.258206322240386726e+03
2.291880079540339011e+03
2.348005851042966242e+03
2.426616371901527145e+03
2.525413100642315840e+03
2.639086846839829377e+03
2.759629110868087992e+03
2.877672969909795484e+03
2.984212473800089811e+03
3.071857732760012368e+03
3.135261788024819452e+03
3.170910380740886922e+03
3.176687795683936201e+03
3.151566827117224420e+03
3.095658175293526256e+03
3.010798293467683379e+03
2.901704516953474922e+03
2.777128059368576942e+03
2.649399026255824992e+03
2.531134153823024008e+03
2.431195677808799701e+03
2.353280588161797823e+03
2.297356653249211831e+03
2.262059120937518401e+03
2.246403960061839825e+03
2.250441582490313067e+03
2.275168964931541268e+03
2.321926743013049872e+03
2.391386406902277486e+03
2.482343337124665595e+03
2.590761837962538266e+03
2.709631630045582369e+03
2.829926466207147769e+03
2.942283416846766613e+03
3.038537804124154263e+03
3.112496749257204556e+03
3.159942409862045679e+03
3.178236873316802303e+03
3.165925161046387529e+03
3.122610795617088115e+03
3.049302633629591128e+03
2.949355765590418287e+03
2.829764816064373917e+03
2.701625447239603545e+03
2.578002481559780335e+03
2.469710341066303044e+03
2.382539008150220525e+03
2.317691626720486965e+03
2.274063000052301959e+03
2.250367786824773702e+03
2.246203360070188410e+03
2.262224240542375355e+03
2.299736214016632857e+03
2.359837320835483297e+03
2.442248757113006832e+03
2.544185178653397088e+03
2.659810178123836977e+03
2.780740889949012399e+03
2.897525209224814262e+03
3.001349031822404868e+03
3.085163865672729116e+03
3.143974056601855409e+03
3.174549099925471182e+03
3.174984416777299430e+03
3.144436295809157400e+03
3.083251523597626601e+03
2.993659361700369118e+03
2.880998098147628752e+03
2.754746357563061792e+03
2.627627559953690707e+03
2.511923186820762112e+03
2.415639615915268678e+03
2.341641517601138730e+03
2.289450350550635449e+03
2.257648808799401195e+03
2.245402741361889184e+03
2.252951162937626577e+03
2.281414713198560094e+03
2.332112769195926830e+03
2.405493312264121869e+03
2.499926146708776287e+03
2.610842218291810696e+03
2.730770231776028595e+03
2.850471804918159251e+03
2.960673832080900866e+03
3.053511455189525350e+03
3.123153542161716359e+03
3.165697908611472485e+03
3.178743890692760488e+03
3.161022705301939368e+03
3.112339670725557880e+03
3.034017997435183588e+03
2.929937740771893459e+03
2.807813448744578636e+03
2.679341361175980182e+03
2.557567849198179829e+03
2.452600644590568209e+03
2.369320388854164776e+03
2.308303205864272513e+03
2.268250781454941261e+03
2.247970530586746008e+03
2.247248317349658009e+03
2.266899861706932825e+03
2.308278402581678620e+03
2.372346274044809888e+03
2.458476768343399726e+03
2.563377055540184756e+03
2.680694480763164393e+03
2.801715407323358249e+03
2.916957811952538577e+03
3.017839624268440730e+03
3.097666597989689308e+03
3.151786020614703375e+03
3.177235881701451035e+03
3.172311979167011032e+03
3.136354931863818365e+03
3.069965407384852824e+03
2.975801206743642069e+03
2.859857498640840731e+03
2.732324860969531528e+03
2.606214430446510505e+03
2.493346301046771259e+03
2.400824576723770861e+03
2.330727059056353482e+03
2.282211649505244623e+03
2.253864475971052343e+03
2.245020169668790459e+03
2.256102197973480543e+03
2.288335269585168135e+03
2.342985519516642398e+03
2.420239716231298644e+03
2.518012690472412487e+03
2.631198613682814539e+03
2.751896774563944746e+03
2.870710704058777537e+03
2.978506110963121955e+03
3.067742040656239169e+03
3.132947659271215798e+03
3.170522268411548339e+03
3.178288850378416555e+03
3.155160223090144427e+03
3.101153797383000892e+03
3.017936096236908270e+03
2.909952378282682275e+03
2.785650967637996928e+03
2.657259382259565427e+03
2.537672384389855324e+03
2.436204355783958817e+03
2.356838633705282064e+03
2.299601959153479129e+03
2.263074141110274923e+03
2.246187502131302153e+03
2.248920079289126988e+03
2.272235114450090350e+03
2.317506010844115281e+03
2.385522801368532782e+03
2.475275926246119070e+03
2.582948968222596250e+03
2.701690342994023013e+03
2.822503482503395844e+03
2.935930902278782014e+03
3.033657987082744512e+03
3.109352487256970107e+03
3.158693737758363568e+03
3.178973114777986666e+03
3.168677760111378575e+03
3.127336178291011038e+03
3.055824094468504882e+03
2.957265887136799392e+03
2.838345587353859628e+03
2.709935847385880606e+03
2.585217497712229942e+03
2.475430124784193595e+03
2.386747286861656903e+03
2.320519669494283789e+03
2.275623344542053019e+03
2.250695586362417998e+03
2.245253031746493889e+03
2.259896275948919083e+03
2.295932146240560087e+03
2.354539935043001606e+03
2.435607745080006680e+03
2.536569315456666573e+03
2.651784602981065746e+03
2.772960719520327984e+03
2.890598532774395153e+03
2.995748034051259765e+03
3.081210832854300406e+03
3.141871231505590458e+03
3.174415050598987818e+03
3.176876506530247752e+03
3.148347747089400400e+03
3.089071743416118807e+03
3.001090439151155351e+03
2.889454026619002434e+03
2.763348171693009135e+03
2.635446209715932582e+03
2.518356551081376438e+03
2.420529282782147220e+03
2.345080307087057918e+03
2.291569893242743092e+03
2.258520034823135575e+03
2.245013095119084937e+03
2.251219095472700246e+03
2.278232560529176681e+03
2.327417757293903833e+03
2.399355125123085145e+03
2.492619242145932731e+03
2.602859063901207719e+03
2.722747694986076112e+03
2.843056945534922306e+03
2.954406593519155194e+03
3.048779766188342364e+03
3.120209251275684437e+03
3.164693626808074441e+03
3.179763074649949431e+03
3.164088946131233115e+03
3.117394023448091957e+03
3.040853641321822124e+03
2.938098508038885029e+03
2.816527841466669088e+03
2.687650811942524797e+03
2.564689939089362269e+03
2.458195472709516707e+03
2.373401177128487689e+03
2.311002052554717920e+03
2.269670271509472059e+03
2.248133933281250847e+03
2.246100003146242670e+03
2.264336011087841598e+03
2.304206699730949367e+03
2.366769516951330388e+03
2.451577146484311925e+03
2.555559945325853732e+03
2.672552422365985421e+03
2.793911888775113766e+03
2.910092381812992244e+03
3.012369463087916756e+03
3.093900653190210960e+03
3.149917120287253965e+03
3.177375926829090531e+03
3.174511530670170487e+03
3.140595594117146902e+03
3.076113365145616626e+03
2.983517204329914421e+03
2.868500217454486574e+03
2.740976805955508098e+03
2.613965268988117259e+03
2.499655000440526237e+03
2.405578544219414653e+03
2.334030864419632508e+03
2.284190467551293295e+03
2.254577649201724853e+03
2.244443742858337828e+03
2.254147169875316649e+03
2.284895069542694273e+03
2.338011400129787489e+03
2.413829370370486231e+03
2.510477166803343607e+03
2.623063568028584541e+03
2.743816107579324580e+03
2.863328891265036873e+03
2.972349077784842393e+03
3.063182475706326386e+03
3.130225721179015636e+03
3.169782496804539278e+03
3.179608048684657206e+03
3.158552856393231195e+03
3.106543322545635874e+03
3.025082264840003972e+03
2.918347431211158892e+03
2.794472041706036180e+03
2.665539739481252582e+03
2.544679765165888057e+03
2.441657540140868605e+03
2.360777038059601637e+03
2.302157496187245215e+03
2.264339249631278108e+03
2.246173415945952001e+03
2.247561372388799100e+03
2.269424740569144433e+03
2.313159819274375877e+03
2.379666061060875109e+03
2.468125161394185398e+03
2.574946164578686421e+03
2.693453231795988813e+03
2.814700759302763799e+03
2.929151224635070321e+03
3.028342336038168469e+03
3.105795806689392066e+03
3.157078899837478730e+03
3.179404749635794815e+03
3.171198677636349657e+03
3.131914630817092984e+03
3.062300157051783572e+03
2.965255545384980451e+03
2.847151599684316807e+03
2.718608935516003385e+03
2.592876048765538144e+03
2.481596463954041610e+03
2.391351135651009372e+03
2.323675178976795905e+03
2.277448683631399490e+03
2.251238245037981869e+03
2.244477678350759561e+03
2.257707184881160629e+03
2.292225519889932457e+03
2.349283452867152846e+03
2.428929375072480070e+03
2.528817586858551749e+03
2.643516990748873923e+03
2.764845097575248019e+03
2.883273906347203592e+03
2.989724678300786309e+03
3.076845435165937033e+03
3.139391786113163107e+03
3.173957566051302365e+03
3.178510445997384522e+03
3.152077149629821179e+03
3.094800102119897929e+03
3.008540680820356101e+03
2.898064399856959426e+03
2.772247848204451202e+03
2.643670355554057096e+03
2.525229435944268971e+03
2.425826240072602104e+03
2.348863662606484922e+03
2.293970138551837863e+03
2.259619013706664646e+03
2.244809841111428341e+03
2.249638793842925224e+03
2.275166245363319376e+03
2.322791638545596925e+03
2.393219424286364301e+03
2.485226439410450439e+03
2.594687346786209218e+03
2.714437402058236330e+03
2.835278741222998633e+03
2.947736041222648510e+03
3.043640633395200894e+03
3.116882005790618223e+03
3.163350832745407843e+03
3.180501612110180304e+03
3.166942938176870939e+03
3.122316526342792713e+03
3.047655581342439291e+03
2.946347840478043054e+03
2.825471758083707755e+03
2.696316242773525119e+03
2.572233495566581951e+03
2.464203790511712668e+03
2.377842556434583003e+03
2.313997993269873859e+03
2.271331136057291133e+03
2.248495011680584867e+03
2.245114718429133518e+03
2.261902846457931901e+03
2.300226518707673677e+03
2.361228924764369367e+03
2.444636537359855538e+03
2.547605866384117689e+03
2.664172366024541134e+03
2.785784432384459251e+03
2.902848265405458278e+03
3.006501867930319804e+03
3.089749691840768264e+03
3.147698334079247616e+03
3.177216475929598801e+03
3.176472899127449637e+03
3.144670023002975995e+03
3.082181854772684801e+03
2.991262410665808147e+03
2.877304573985952629e+03
2.749926267616382574e+03
2.622107384526665555e+03
2.506375597671630203e+03
2.410706664040935721e+03
2.337648447113639577e+03
2.286425170787165371e+03
2.255500139949126151e+03
2.244040743493121681e+03
2.252335060522320873e+03
2.281564487600564007e+03
2.333101266717049839e+03
2.407417321089328652e+03
2.502852996077435364e+03
2.614740822591509641e+03
2.735454815132757176e+03
2.855598434564107265e+03
2.965809904768619617e+03
3.058240321043305812e+03
3.127146287696558829e+03
3.168727842227644487e+03
3.180666901460189820e+03
3.161749684552231884e+03
3.111813998452526448e+03
3.032205380125566080e+03
2.926839879286044834e+03
2.803526915984092739e+03
2.674169271950733219e+03
2.552087489786399601e+03
2.447494130020058037e+03
2.365045459118715826e+03
2.304984293988473382e+03
2.265826033420997646e+03
2.246342930315076956e+03
2.246356064957677972e+03
2.266738443663422004e+03
2.308900136334334547e+03
2.373841084216951458e+03
2.460929699264977444e+03
2.566804931254864186e+03
2.684981517451333730e+03
2.806584427009127921e+03
2.922010093583613980e+03
3.022651257647445618e+03
3.101877932893704838e+03
3.155137191812317269e+03
3.179557302779936435e+03
3.173498362277691740e+03
3.136340408446263609e+03
3.068707827809646005e+03
2.973284053382214097e+03
2.856126469474086207e+03
2.727579024185766229e+03
2.600911841199523224e+03
2.488148955307490269e+03
2.396299637415374946e+03
2.327117931013233374e+03
2.279508985671161099e+03
2.251974967126157480e+03
2.243865219342297678e+03
2.255653889804847950e+03
2.288623359190167776e+03
2.344086536114014052e+03
2.422245149265146210e+03
2.520974211140216539e+03
2.635062083354916922e+03
2.756455171122985575e+03
2.875613859938981477e+03
2.983338033263175930e+03
3.072119275397404181e+03
3.136576929392352213e+03
3.173205484518207413e+03
3.179901351087258718e+03
3.155624815022621533e+03
3.100421058467767125e+03
3.015977871235562816e+03
2.906780981869918833e+03
2.781385524784094287e+03
2.652236647931770221e+03
2.532482425953120128e+03
2.431479256480696222e+03
2.352950287849084361e+03
2.296619615380128380e+03
2.260923196724565514e+03
2.244778644334246565e+03
2.248204117788288386e+03
2.272218617698783873e+03
2.318247652675336212e+03
2.387111244590472324e+03
2.477785066860715233e+03
2.586375393837261527e+03
2.705895344373216631e+03
2.827196226611624297e+03
2.940719493685933230e+03
3.038145558822547628e+03
3.113214390864821780e+03
3.161701065477539942e+03
3.180978569993128531e+03
3.169590209411828255e+03
3.127098170049654072e+03
3.054399306689446348e+03
2.954645516685415259e+03
2.834591793537278591e+03
2.705277850811447024e+03
2.580140380795547117e+03
2.470574289254105679e+03
2.382602333972531142e+03
2.317258265097259937e+03
2.273209281106390790e+03
2.249037513922491144e+03
2.244283768604936540e+03
2.259599716869805889e+03
2.296346438247341666e+03
2.355743765420068939e+03
2.437685845448129839e+03
2.539556867151021834e+03
2.655605016198408975e+03
2.777388295310530339e+03
2.895280659723438930e+03
3.000287809074375673e+03
3.085257196113672762e+03
3.145163363656646197e+03
3.176779924220662451e+03
3.178206095040189211e+03
3.148574901962589593e+03
3.088153258852907584e+03
2.999004226264692534e+03
2.886224041831630984e+03
2.759117746246874503e+03
2.630584297421461997e+03
2.513456916604525304e+03
2.416166012599609076e+03
2.341545879098772275e+03
2.288890278533460787e+03
2.256614040485936584e+03
2.243800334680647666e+03
2.250662295018977602e+03
2.278348136889771467e+03
2.328269313930708904e+03
2.401028572722439094e+03
2.495176166979102618e+03
2.606275715194329223e+03
2.726864121809654534e+03
2.847572068781728831e+03
2.958938637682526405e+03
3.052959523737606105e+03
3.123744745734398293e+03
3.167383483903033266e+03
3.181479262451845443e+03
3.164752335287880669e+03
3.116954305465681955e+03
3.039279892950168687e+03
2.935390199617024336e+03
2.812765171595690845e+03
2.683093720972345636e+03
2.559844731524997769e+03
2.453670617876959568e+03
2.369608914403640028e+03
2.308055606436449125e+03
2.267515127080775983e+03
2.246683393368068664e+03
2.245298142347749490e+03
2.264177492337925742e+03
2.304736751512279170e+03
2.368067538643706030e+03
2.453719771384485739e+03
2.558565227686792696e+03
2.676322165648614373e+03
2.798204438837655289e+03
2.914556267029811352e+03
3.016628769869875214e+03
3.097635510494930713e+03
3.152896098085672293e+03
3.179447914290049084e+03
3.175582727348246408e+03
3.140607346599016637e+03
3.075027944756375291e+03
2.981318726086203242e+03
2.865225484325259458e+03
2.736794836450551884e+03
2.609274699524733478e+03
2.495043633862170282e+03
2.401556848364442430e+03
2.330820005963774292e+03
2.281783574691070498e+03
2.252891540045192414e+03
2.243407597761079160e+03
2.253734856718023366e+03
2.285131674880063201e+03
2.338964099025249652e+03
2.415579920953295186e+03
2.513073840860733981e+03
2.626462401791685807e+03
2.747837807937718026e+03
2.867665520895902773e+03
2.976631824106224940e+03
3.067069869301467406e+03
3.133456026805121382e+03
3.172178746389954540e+03
3.181058845859883604e+03
3.158989262752313152e+03
3.105921154225299233e+03
3.023375775524327310e+03
2.915565118484813866e+03
2.790713764240990713e+03
2.661096046865257904e+03
2.540071232693483125e+03
2.437451498740922034e+03
2.357311157254865066e+03
2.299496443590624040e+03
2.262417003793066669e+03
2.244909724926094441e+03
2.246911192937051965e+03
2.269392481733222667e+03
2.313796542024393148e+03
2.381050500806128184e+03
2.470324632202534758e+03
2.577961153907323933e+03
2.697165016355634634e+03
2.818854566536757375e+03
2.933400040565787549e+03
3.032332574317084891e+03
3.109237272670073253e+03
3.159766638198014334e+03
3.181206781499455701e+03
3.172033367761953286e+03
3.131730542036879342e+03
3.061064508832566389e+03
2.962958986448939413e+03
2.843845129079251819e+03
2.714488444230707046e+03
2.588366191760317633e+03
2.477269296587305689e+03
2.387650420469331038e+03
2.320759855574138328e+03
2.275287900857719251e+03
2.249750187554694094e+03
2.243601323790878268e+03
2.257426729165223151e+03
2.292573590383392911e+03
2.350329496050688249e+03
2.430749684184046146e+03
2.531446275177152984e+03
2.646890233375745538e+03
2.768766353044647531e+03
2.887431689090576128e+03
2.993765504047920786e+03
3.080455188782803816e+03
3.142336517183955038e+03
3.176081876949784146e+03
3.179717293324295497e+03
3.152306259268052600e+03
3.094012615069425010e+03
3.006715992788901531e+03
2.895220966902214968e+03
2.768506776675400033e+03
2.639351871494169700e+03
2.520860497963879880e+03
2.421925451611916742e+03
2.345699056800891412e+03
2.291567858478094877e+03
2.257906816951004203e+03
2.243715044161437163e+03
2.249126724677045786e+03
2.275250064942000790e+03
2.323527041895103139e+03
2.394683171668134946e+03
2.487475427823229893e+03
2.597704257587454777e+03
2.718084290924153720e+03
2.839290625996234212e+03
2.951773364799017600e+03
3.047372946444068475e+03
3.120047060276619959e+03
3.165767415588225049e+03
3.182054418315774001e+03
3.167560735407795619e+03
3.121954045927134757e+03
3.046284647716200197e+03
2.943966144892288412e+03
2.822145950489838924e+03
2.692269842309923206e+03
2.567912356839496624e+03
2.460154804232053721e+03
2.374442218903362118e+03
2.311352436653565292e+03
2.269392855895191587e+03
2.247185938756149426e+03
2.244383574025316193e+03
2.261743327682216659e+03
2.300677707922394802e+03
2.362361289909098105e+03
2.446519683884417645e+03
2.550259070625996173e+03
2.667512518041727617e+03
2.789600003761645439e+03
2.906827396119006153e+03
3.010308278862327825e+03
3.093095855496280819e+03
3.150375662647741137e+03
3.179088586050200774e+03
3.177455120749496928e+03
3.144709464596979615e+03
3.081244372783737163e+03
2.989332680214187803e+03
2.874412099264503922e+03
2.746214866446185169e+03
2.617925082748551631e+03
2.502247218049426465e+03
2.407096477263417910e+03
2.334761369434930657e+03
2.284257732189978924e+03
2.253977894538977580e+03
2.243099209264545607e+03
2.251949342719931792e+03
2.281755534268385873e+03
2.333928250506553013e+03
2.408953779131956708e+03
2.505144438596536020e+03
2.617752088317865855e+03
2.739030256857288350e+03
2.859465793033457430e+03
2.969639716464265348e+03
3.061725603082514681e+03
3.130050871394871592e+03
3.170891722433513678e+03
3.181989282599962280e+03
3.162168232301019998e+03
3.111288764303923017e+03
3.030712618044894043e+03
2.924384999691794292e+03
2.800193730316367237e+03
2.670209114645373120e+03
2.547961514146482386e+03
2.443715510504823214e+03
2.361925190296309665e+03
2.302584919636340146e+03
2.264089304620916209e+03
2.245196152225803871e+03
2.245757455722905888e+03
2.266690376840317640e+03
2.309447099727109162e+03
2.375053362861461665e+03
2.462869081010971513e+03
2.569475347676337151e+03
2.688281369650796933e+03
2.810289596284206254e+03
2.925811326092499257e+03
3.026230872821041430e+03
3.104973921436402634e+03
3.157563985819258050e+03
3.181195240298311546e+03
3.174273431892455392e+03
3.136206030582764470e+03
3.067634133423908224e+03
2.971261296092497560e+03
2.853196426456848258e+03
2.723909459576457266e+03
2.596875677013110362e+03
2.484260110864384387e+03
2.392964640563684043e+03
2.324486097653813886e+03
2.277554902334029521e+03
2.250624968256474403e+03
2.243063303551131412e+03
2.255384298472632508e+03
2.288913890333224572e+03
2.344998719113476909e+03
2.423848114374463876e+03
2.523301246218693450e+03
2.638060352153381700e+03
2.759953036682371931e+03
2.879334689862302184e+03
2.986964699704955365e+03
3.075368168853302905e+03
3.139236024209925290e+03
3.175133653682096337e+03
3.181010406682493340e+03
3.155860038710697154e+03
3.099747147822810803e+03
3.014375488884364131e+03
2.904264090759003466e+03
2.778056602278991704e+03
2.648374327150747831e+03
2.528556336491274578e+03
2.427961620845582274e+03
2.350090333053856284e+03
2.294444914669230457e+03
2.259369416073763659e+03
2.243779522026749419e+03
2.247726993669381955e+03
2.272273727141995096e+03
2.318883869336958924e+03
2.388397509877177072e+03
2.479774319579145867e+03
2.589055888303268603e+03
2.709148002079074104e+03
2.830786832619623510e+03
2.944344135239056413e+03
3.041506084279271818e+03
3.116073013405108668e+03
3.163893006357071044e+03
3.182398840470449613e+03
3.170173973877112985e+03
3.126804273684507280e+03
3.053201865901995006e+03
2.952540816364538387e+03
2.831635213904169177e+03
2.701661990733363837e+03
2.576259099209520173e+03
2.466922020404024352e+03
2.379526685271378938e+03
2.314860907625373784e+03
2.271449279529199430e+03
2.247844142279244807e+03
2.243609533283969995e+03
2.259437330359836778e+03
2.296729635832047279e+03
2.356735343493699474e+03
2.439349411090130161e+03
2.541912790734793361e+03
2.658583158330688093e+03
2.780802915234786724e+03
2.898853573087904806e+03
3.003716052742244301e+03
3.088280082551954365e+03
3.147591061157413606e+03
3.178488057793634198e+03
3.179117416952362419e+03
3.148641221809499257e+03
3.087343400601247140e+03
2.997303385530011838e+03
2.883655711251707544e+03
2.755804491633773068e+03
2.626830710506198557e+03
2.509733607390989164e+03
2.412898689174039191e+03
2.338927245840078285e+03
2.286920694032506617e+03
2.255226680608941024e+03
2.242936003966944554e+03
2.250296996988136016e+03
2.278499167482517350e+03
2.328988937749425531e+03
2.402383270843030914e+03
2.497209102443559459e+03
2.608959311951341078e+03
2.730063034495685770e+03
2.851044534761374507e+03
2.962388529252643366e+03
3.056108719368613947e+03
3.126378229093327263e+03
3.169355168066518672e+03
3.182697008685859601e+03
3.165159204337979190e+03
3.116513841055550984e+03
3.037970047412984059e+03
2.933213888801230951e+03
2.809792774956875746e+03
2.679543088886327496e+03
2.556125684674965214e+03
2.450250157917933848e+03
2.366776650643825178e+03
2.305873481542140325e+03
2.265931930194097276e+03
2.245632851495915475e+03
2.244741120328572833e+03
2.264114499293711560e+03
2.305206567743109645e+03
2.369133166710264504e+03
2.455438251234126255e+03
2.560943463833360966e+03
2.679273289799658869e+03
2.801530637941263649e+03
2.917980489424280677e+03
3.019863629202749507e+03
3.100442498005872949e+03
3.155105658580421277e+03
3.180950496409303469e+03
3.176310564616675492e+03
3.140517858364164113e+03
3.074093700624953726e+03
2.979529717592905399e+03
2.862615838007414368e+03
2.733508457261718377e+03
2.605639884083349898e+03
2.491524127782704909e+03
2.398528183732063098e+03
2.328424617901020156e+03
2.280001365975759200e+03
2.251655909392670310e+03
2.242666735305710063e+03
2.253472920122391770e+03
2.285372233114194387e+03
2.339761833422427117e+03
2.416997781974020199e+03
2.515144400728149776e+03
2.629142283458016664e+03
2.750976801801865349e+03
2.871016872734905064e+03
2.979909309074030261e+03
3.070015512356486397e+03
3.135876035377119479e+03
3.173943773927454004e+03
3.182087985755188129e+03
3.159232371560871343e+03
3.105345890867739854e+03
3.021963909370767396e+03
2.913326936015641422e+03
2.787736056158191786e+03
