1.124385591234251251e+03
1.087656796243656345e+03
1.057029043101553043e+03
1.029931828667653008e+03
1.007112307751941898e+03
9.899579638600927183e+02
9.799163182212884067e+02
9.782804351600980226e+02
9.860899607019127870e+02
1.004038045801458679e+03
1.032376145039918356e+03
1.070787171327656552e+03
1.118239941996425614e+03
1.172835546225393273e+03
1.231668710377781963e+03
1.290736173294453920e+03
1.344991204142520701e+03
1.388704447690194002e+03
1.416311197540798958e+03
1.423807987421021608e+03
1.410387741473850383e+03
1.379432990447369320e+03
1.337930044799362349e+03
1.294488376003469511e+03
1.257297375956083442e+03
1.233010702574248398e+03
1.226566726250835018e+03
1.241520106502021918e+03
1.280506038278570259e+03
1.345619724732888699e+03
1.438621761590076858e+03
1.560954370611250170e+03
1.713584481741384707e+03
1.896673321622566618e+03
2.109008733284460050e+03
2.347127481412286670e+03
2.604225996814862810e+03
2.869093299740985458e+03
3.125288780634981322e+03
3.350931141047619803e+03
3.519685723442295966e+03
3.603448644593414429e+03
3.576779113696816239e+03
3.423390958003053129e+03
3.146507690693829772e+03
2.780940907388338474e+03
2.389683260486979634e+03
2.033717050304234135e+03
1.746272016670748826e+03
1.535221572135448469e+03
1.396132000363654925e+03
1.321225360964072252e+03
1.303352209366202260e+03
1.337184302045991444e+03
1.419092285164775603e+03
1.546411345298762399e+03
1.716409041000271600e+03
1.925074238519444407e+03
2.165783248265058774e+03
2.427972360424848375e+03
2.696072401861601520e+03
2.949181799152945587e+03
3.162521887462790801e+03
3.312156131126041146e+03
3.382848924077830361e+03
3.373992485322464745e+03
3.295886012846849098e+03
3.157836575692630504e+03
2.960388358551671445e+03
2.700115011883064199e+03
2.385749720222998349e+03
2.051439091640465449e+03
1.745207331350246250e+03
1.501725774071221167e+03
1.333151732650589111e+03
1.237817625116962972e+03
1.209330952104100106e+03
1.241006133556945770e+03
1.327216157110444556e+03
1.463348894769380422e+03
1.645121757396047315e+03
1.867426870569975790e+03
2.122708023362364656e+03
2.398972835830753411e+03
2.677864771170132371e+03
2.933796504533861480e+03
3.135984373345580480e+03
3.255795409588401071e+03
3.279433141188609625e+03
3.217732356301383334e+03
3.100449513387236948e+03
2.957445113773246703e+03
2.802863392492973162e+03
2.631164700371247363e+03
2.425811622528784028e+03
2.177178122640542369e+03
1.900189374472563259e+03
1.633570880574579860e+03
1.415608988653599454e+03
1.265575126435823677e+03
1.186411289758103976e+03
1.173775807679032141e+03
1.221608081538130136e+03
1.324263734950578282e+03
1.476887326379225442e+03
1.674863963101526451e+03
1.912594493804096146e+03
2.181665632948841903e+03
2.468577509876187378e+03
2.752542200771973967e+03
3.004610934203140914e+03
3.190494733661028022e+03
3.279875040461638946e+03
3.261440592852112331e+03
3.153386656677444989e+03
2.995616775361002510e+03
2.826922376098009408e+03
2.666000121144835703e+03
2.507624203445290732e+03
2.332203345838884616e+03
2.122099620125419733e+03
1.879149680605903768e+03
1.631761268830683548e+03
1.418756332927587891e+03
1.266001786326470437e+03
1.181603503782931966e+03
1.163643404178691299e+03
1.206890051042129471e+03
1.305874682469800746e+03
1.455767233696639096e+03
1.652086849992593898e+03
1.889609266142028673e+03
2.160590453348127994e+03
2.452448571716061906e+03
2.745298184651574502e+03
3.010398657344063849e+03
3.211791091450553267e+03
3.314449825883188623e+03
3.300024017729641400e+03
3.181764204559435711e+03
3.001924711602238403e+03
2.808127054190209492e+03
2.628545421095308029e+03
2.464270717553391933e+03
2.297935985990945483e+03
2.108772580745752293e+03
1.888997611781645901e+03
1.655454821481672298e+03
1.443064342807958155e+03
1.282223076932046069e+03
1.186465865088711098e+03
1.156861131807691663e+03
1.189340068714368499e+03
1.278760909530513118e+03
1.420368000894781744e+03
1.609845071467137586e+03
1.842457484593432582e+03
2.111442994090145021e+03
2.405772019937944606e+03
2.707543460152891384e+03
2.989782970099430258e+03
3.216523637538276489e+03
3.348573796824903184e+03
3.358087815493760900e+03
3.247566892028262828e+03
3.055802823639470262e+03
2.837513905773956139e+03
2.632501000720170850e+03
2.451293320164430497e+03
2.281527270817832232e+03
2.102370604584937610e+03
1.899733117939544172e+03
1.679535817246052147e+03
1.469250975954457999e+03
1.300740424848067050e+03
1.192687416301894018e+03
1.149734070787957762e+03
1.169399844814058497e+03
1.247080456164829911e+03
1.378168730888595746e+03
1.558506652693585920e+03
1.783815259793148925e+03
2.048310226458007946e+03
2.342619305179525782e+03
2.651180633603283241e+03
2.949629256551507751e+03
3.203573196665902287e+03
3.371761219489784253e+03
3.417817314758356133e+03
3.330605903192566075e+03
3.139199975489997996e+03
2.900993320917108576e+03
2.667721340356549263e+03
2.461957769041523534e+03
2.278839157609338145e+03
2.099964270440619202e+03
1.907978819947106786e+03
1.699842797901802214e+03
1.493698783691672816e+03
1.319364611844577439e+03
1.199504447368764204e+03
1.142715024326204457e+03
1.148560700551826358e+03
1.213231441883576053e+03
1.332376942945761584e+03
1.501999180321049380e+03
1.718204881868010034e+03
1.976087227215097300e+03
2.267855456429819242e+03
2.580343361428148000e+03
2.892213054438354447e+03
3.171816630451141009e+03
3.378088433346032616e+03
3.468692932169462892e+03
3.418725812839295941e+03
3.242254238630065174e+03
2.992803186980695500e+03
2.732086610372711220e+03
2.496790062836376819e+03
2.292202850576059518e+03
2.104599895982150883e+03
1.915892750106021822e+03
1.716621508263067881e+03
1.515578862143545621e+03
1.337508855824322836e+03
1.206987741855467902e+03
1.136493722057763762e+03
1.128037945699287320e+03
1.178880987999843228e+03
1.285064730826011782e+03
1.442773211876620280e+03
1.648426046861161012e+03
1.897855863675920773e+03
2.184689524137348144e+03
2.498039887635005925e+03
2.819702413489021637e+03
3.121473369213086244e+03
3.364314913172169781e+03
3.503020935981680850e+03
3.501186347557841600e+03
3.355123623354810661e+03
3.107095524086565547e+03
2.823945587291041647e+03
2.557184819145463734e+03
2.324969806493446413e+03
2.120505872706408809e+03
1.927163544891491711e+03
1.731693728510372466e+03
1.534929769961079273e+03
1.354733625913361493e+03
1.215017465993715405e+03
1.131409198808796646e+03
1.108588785881752528e+03
1.145144290046946253e+03
1.237659050614966191e+03
1.382547710455236256e+03
1.576488896347247646e+03
1.815912550105417267e+03
2.095660975973183213e+03
2.406911358841622587e+03
2.734486371698376388e+03
3.053925302958260090e+03
3.329485598742142429e+03
3.515924253152730671e+03
3.568981462732685031e+03
3.467648142740875755e+03
3.236718917775240243e+03
2.940649222143691077e+03
2.644007777502599311e+03
2.380162739173019418e+03
2.151808794578487323e+03
1.945921044691620864e+03
1.747864854783978672e+03
1.552609205471930181e+03
1.370801519029633255e+03
1.223300652531405149e+03
1.127480189766609783e+03
1.090586544926120496e+03
1.112716971416913566e+03
1.191135996499632711e+03
1.322557865148517067e+03
1.503895939894098092e+03
1.732051960567419428e+03
2.002874040973060346e+03
2.309341561474765058e+03
2.639067626246946475e+03
2.971335895693035582e+03
3.274415754276933967e+03
3.505213630393376661e+03
3.615525452499643507e+03
3.570074774787975912e+03
3.372983807248708672e+03
3.077662098207307281e+03
2.756690890696391762e+03
2.459797259763982311e+03
2.202017239403088297e+03
1.976226131249952687e+03
1.768557260228222049e+03
1.570374129542297851e+03
1.385986790349215880e+03
1.231622967017213341e+03
1.124591329138904712e+03
1.074174070882647129e+03
1.082017314049623565e+03
1.146166107958978728e+03
1.263705945977161264e+03
1.431789296920066590e+03
1.647692717522967541e+03
1.908073116652537465e+03
2.207436283837970223e+03
2.535878795084957346e+03
2.876231456790613720e+03
3.201049070014124027e+03
3.470839578423753210e+03
3.636861340178727005e+03
3.654002310720106834e+03
3.506142272314870752e+03
3.228234736633313787e+03
2.892760887110848671e+03
2.564571774585688217e+03
2.273759653962959419e+03
2.021713775497022425e+03
1.797428035286354316e+03
1.590803205818157039e+03
1.401359620915081450e+03
1.240175654318096576e+03
1.122750583561515896e+03
1.059463027253884093e+03
1.053344594927048547e+03
1.103247659452586731e+03
1.206679046971554499e+03
1.361051793306657146e+03
1.563952981214196143e+03
1.812676516259633900e+03
2.102986521477962469e+03
2.427127657944623024e+03
2.771162463618005404e+03
3.111887590579772677e+03
3.414215379143150130e+03
3.631429337154460882e+03
3.713171271737377992e+03
3.626452568241385507e+03
3.383663964104471688e+03
3.047589242403641492e+03
2.693599161511388502e+03
2.368573973015799311e+03
2.085357414573687947e+03
1.838054370321949136e+03
1.617076076480238953e+03
1.418889646008588670e+03
1.249819723116825799e+03
1.122328239623816671e+03
1.046724251355665729e+03
1.027029543650491178e+03
1.062829726630512596e+03
1.152057086218402901e+03
1.292403990666907930e+03
1.481732032229407650e+03
1.717832147707499644e+03
1.997479583862005938e+03
2.314730553775282260e+03
2.658504734433964131e+03
3.009592069964214261e+03
3.337612125088013272e+03
3.599562153856056739e+03
3.743786368339457113e+03
3.725358678803711427e+03
3.534042581568175592e+03
3.214358540410005844e+03
2.844194383284704600e+03
2.486781723024676467e+03
2.169365297349680532e+03
1.893714634425993154e+03
1.652660062117720827e+03
1.441297487517101217e+03
1.262166887545687132e+03
1.124192401972587959e+03
1.036509469215429590e+03
1.003536793288976696e+03
1.025399903268533990e+03
1.100395184089357599e+03
1.226487442044777708e+03
1.401792588805704781e+03
1.624492008360571845e+03
1.892154044028730368e+03
2.200325887926288942e+03
2.540390464986545794e+03
2.896763929094295236e+03
3.243726648987579665e+03
3.542933579030559031e+03
3.744402782745492004e+03
3.796419694936731048e+03
3.669415172060555960e+03
3.384397938012375107e+03
3.011764867681669784e+03
2.627376395698107444e+03
2.275084826608435378e+03
1.967183383034502867e+03
1.700945347594276427e+03
1.471705312773289506e+03
1.279442139124401137e+03
1.129704903065059398e+03
1.029679150274785798e+03
9.834991264572181535e+02
9.915198811516889918e+02
1.052264085709398842e+03
1.163916581196038578e+03
1.324825268366671253e+03
1.533485079782520643e+03
1.788073866317846296e+03
2.085335853951270110e+03
2.418729312738344106e+03
2.775872019897413338e+03
3.135434973678748520e+03
3.464109616749664383e+03
3.715568166975515851e+03
3.835788287265769213e+03
3.781055337262755984e+03
3.547933412003293597e+03
3.189814938597317905e+03
2.787841213686514038e+03
2.402818381050967218e+03
2.060496513253131070e+03
1.764890677775986205e+03
1.513215776510866590e+03
1.304188598535464507e+03
1.140599597832164363e+03
1.027361260536654527e+03
9.677062462582050557e+02
9.618264035775969205e+02
1.008258956801016097e+03
1.105300114139698962e+03
1.251486390504269139e+03
1.445569666759254233e+03
1.686190382230508249e+03
1.971029410347685825e+03
2.295253941623959690e+03
2.649241813772105161e+03
3.015654815395748301e+03
3.366205425890980223e+03
3.659357743513219248e+03
3.842201967555834926e+03
3.862481239246818859e+03
3.695176005645764690e+03
3.370173402146075205e+03
2.963959247441403022e+03
2.551599255552971954e+03
2.174736640161963805e+03
1.846752086566827074e+03
1.568551397333430941e+03
1.338933949541972652e+03
1.158799671745609658e+03
1.030881462991697845e+03
9.570837332330169147e+02
9.370276062886570116e+02
9.690003134357311865e+02
1.051246960047969196e+03
1.182414169008352701e+03
1.361460368291049917e+03
1.587376486334140282e+03
1.858557795488081410e+03
2.171544974785012073e+03
2.519043153890403119e+03
2.887241525200420256e+03
3.252603854076353855e+03
3.578881111836319178e+03
3.816598667337158986e+03
3.909950546833410954e+03
3.817521069579796404e+03
3.543579137339268982e+03
3.149760032841059001e+03
2.719026247006715039e+03
2.309902023788029965e+03
1.947943515046335278e+03
1.639843554316455538e+03
1.385935910040408089e+03
1.186232486399029540e+03
1.041676652728604722e+03
9.526615042922842349e+02
9.178932306151924649e+02
9.351287856754180439e+02
1.002360851872453281e+03
1.118227361386680741e+03
1.281833347377030805e+03
1.492436002042738664e+03
1.748963260656248167e+03
2.049031005208315037e+03
2.387263613976334000e+03
2.752895145050661085e+03
3.126721933611581335e+03
3.477825401957003578e+03
3.761542586121230215e+03
3.922410322706106399e+03
3.908531029720054448e+03
3.700623789585869417e+03
3.337706712091330701e+03
2.901194983754915938e+03
2.464865122720351792e+03
2.069023646071901567e+03
1.728582057214158112e+03
1.447057057120915033e+03
1.224681879161798634e+03
1.061190971582575003e+03
9.555149682175136832e+02
9.052215749101949314e+02
9.072823240287464159e+02
9.592193159173516506e+02
1.059507019830893796e+03
1.207314453758671107e+03
1.402096873720162421e+03
1.643173041795204654e+03
1.928977240207195791e+03
2.255679644479817398e+03
2.615086209940824574e+03
2.991832956956688122e+03
3.360081989667054586e+03
3.680629415501732637e+03
3.901059739837041434e+03
3.964448124117810039e+03
3.832861598383542059e+03
3.519172933468826159e+03
3.092712956763898092e+03
2.637367547062136055e+03
2.209742636101280368e+03
1.835658595019214772e+03
1.523740822125992509e+03
1.275695808145752608e+03
1.090775135785851035e+03
9.666906816677836787e+02
8.997903213678840757e+02
8.860618095226323021e+02
9.223444275785144555e+02
1.006769887385807124e+03
1.138458983758423983e+03
1.316998146095593484e+03
1.541990186398299556e+03
1.812475357029253246e+03
2.125837166379878454e+03
2.476007992585157808e+03
2.850947065305079377e+03
3.229473679442460252e+03
3.577973685752985602e+03
3.848737592835421765e+03
3.984186027015483432e+03
3.933784776617691023e+03
3.685212557201697109e+03
3.286807399243367854e+03
2.823989068486449014e+03
2.369067191850277140e+03
1.961421645431794104e+03
1.617036649915541602e+03
1.340554108986920482e+03
1.131623822489063059e+03
9.871492035891808428e+02
9.023156041548637631e+02
8.720028063676087413e+02
8.921796953817702160e+02
9.604460019638530639e+02
1.075733053559949440e+03
1.237678742246689580e+03
1.446088341862744755e+03
1.700440613397448260e+03
1.999045339406129415e+03
2.337554172187549284e+03
2.706742127583655474e+03
3.089573583673477060e+03
3.457815378025819882e+03
3.769302654091901331e+03
3.968927331274142034e+03
3.999401629611883891e+03
3.827528323667242148e+03
3.475599366569817903e+03
3.020075304593361125e+03
2.545135772617824841e+03
2.105694334382551460e+03
1.727637575329799574e+03
1.420287498245793358e+03
1.184768381497108749e+03
1.017747709411529740e+03
9.134372762112332111e+02
8.655661830347950172e+02
8.690826381547927895e+02
9.208689445361694652e+02
1.019503169720479036e+03
1.164572112301091693e+03
1.356012972010602198e+03
1.593617201423277265e+03
1.876382119446440356e+03
2.201316312440832917e+03
2.561532304427946656e+03
2.943596421239098163e+03
3.324243380464595248e+03
3.667102205040785066e+03
3.921523232151408138e+03
4.028320911200947648e+03
3.939418524781176984e+03
3.650640934004929022e+03
3.219680771320777239e+03
2.735136205896665615e+03
2.267734316406487324e+03
1.855902210844666797e+03
1.515720476355854316e+03
1.251111857552750280e+03
1.059262334545504245e+03
9.337349745878201475e+02
8.671523827784046716e+02
8.533370476225104539e+02
8.882829141541261606e+02
9.700380367851892061e+02
1.098008945448202212e+03
1.272189675938930122e+03
1.492591567237799154e+03
1.758709900829977641e+03
2.068596653341344336e+03
2.417264491843946871e+03
2.794344683515802444e+03
3.181018969186216054e+03
3.546566253985352887e+03
3.845868680032986504e+03
4.021427746089864286e+03
4.016440893587383925e+03
3.803727472423975087e+03
3.415647881318602685e+03
2.935131012891590672e+03
2.446124568158039438e+03
2.001834148098939750e+03
1.627502762279968465e+03
1.331476569502654911e+03
1.112433304778548290e+03
9.637672455486464287e+02
8.771357894262896480e+02
8.451828840327498256e+02
8.628658904264327703e+02
9.275233637214038254e+02
1.038228305927091924e+03
1.194938812641861659e+03
1.397812502663105079e+03
1.646699567451591065e+03
1.940433028344759123e+03
2.275535840259943143e+03
2.644196098911424087e+03
3.031479609806776807e+03
3.411929342119512512e+03
3.746362513096085422e+03
3.981332808692651724e+03
4.056640212917693134e+03
3.927830931537792367e+03
3.599961690418817398e+03
3.139896442679988013e+03
2.638596929446813647e+03
2.165000728551636712e+03
1.756102426032128506e+03
1.426636667836376091e+03
1.178010989166474474e+03
1.004118400385075233e+03
8.959083620320785712e+02
8.448556009328397067e+02
8.447627637427489162e+02
8.920861827119191503e+02
9.853951159468554124e+02
1.124493861936020949e+03
1.309615280081832225e+03
1.540860297963374933e+03
1.817632522262484599e+03
2.137626490327222655e+03
2.495121045760914967e+03
2.878503519799275182e+03
3.267062696926476292e+03
3.627498267508511162e+03
3.911771121522804151e+03
4.060359914043539447e+03
4.017884397584928593e+03
3.764444688514657628e+03
3.342888302273298450e+03
2.841812675940958343e+03
2.344386854932472943e+03
1.901747053490791359e+03
1.537317711313095515e+03
1.256784857323641290e+03
1.055437613487476256e+03
9.239199719188070503e+02
8.526246239192320218e+02
8.341199864877139589e+02
8.638226538866402962e+02
9.396202700838156261e+02
1.061019872430253827e+03
1.228245639472783523e+03
1.441570894783966196e+03
1.700809140307483403e+03
2.004540922734305695e+03
2.348718903729149133e+03
2.724515984242289051e+03
3.115391097307596738e+03
3.493586710544495418e+03
3.817066996328128425e+03
4.029781054446114467e+03
4.071192852894381303e+03
3.901685254880414504e+03
3.536472823832991253e+03
3.051155614762676123e+03
2.538192628016171966e+03
2.064309566204230578e+03
1.664154863081134636e+03
1.349585400454417368e+03
1.118461066406735426e+03
9.617076721905947352e+02
8.688243891719266685e+02
8.311159144853837688e+02
8.428246921949820489e+02
9.009806967470397012e+02
1.004629823311262953e+03
1.153880373790171689e+03
1.349108792153278500e+03
1.590421093761430711e+03
1.877051999246620426e+03
2.206263888501156089e+03
2.571521026989978054e+03
2.959868465223343264e+03
3.348588422954123416e+03
3.701716598830735165e+03
3.968358087595851430e+03
4.087410072921529718e+03
4.005933736393506479e+03
3.712514012081227975e+03
3.260631170699673021e+03
2.743596959708312170e+03
2.243141709302662548e+03
1.807607563774900427e+03
1.457255827172435829e+03
1.194014570917293895e+03
1.009912019392436150e+03
8.938762998699641003e+02
8.359849823769475279e+02
8.292034662471759248e+02
8.695384460996848475e+02
9.553988657752378231e+02
1.086643338351836974e+03
1.263674350838019109e+03
1.486804631464997783e+03
1.755743429039228658e+03
2.068753425100318964e+03
2.421146002497227983e+03
2.802990460018142585e+03
3.196028372096296152e+03
3.570094419431518418e+03
3.880280264849854575e+03
4.068179730654198465e+03
4.073688488738690921e+03
3.863263565449658472e+03
3.462996012729433915e+03
2.956528850529070496e+03
2.436862919811641859e+03
1.967830996788837183e+03
1.580592830665173096e+03
1.282996924374870332e+03
1.069281439293655239e+03
9.283026162133767230e+02
8.490361998449968723e+02
8.231095656985730784e+02
8.453587838383859889e+02
9.133775169126161018e+02
1.026617479147296763e+03
1.185409490437224804e+03
1.390202637521965926e+03
1.641048043110135723e+03
1.936954589859901716e+03
2.274690634991884508e+03
2.646827961049630630e+03
3.038966654286028188e+03
3.426266851588881764e+03
3.770028181327428683e+03
4.016606694505041560e+03
4.103839829528506925e+03
3.982322706188295342e+03
3.650227880339541571e+03
3.171519715687008556e+03
2.643120168108187499e+03
2.144505980890504361e+03
1.720255496062264228e+03
1.386344035527482220e+03
1.140665898265047645e+03
9.727339281309878061e+02
8.706673183463522037e+02
8.247505044504572425e+02
8.285276699507903686e+02
8.786051801951055040e+02
9.738547975672414623e+02
1.114411284089616856e+03
1.300787627753465131e+03
1.533280998065617268e+03
1.811446646631948170e+03
2.133175843273783812e+03
2.493071039534082956e+03
2.880005475582071085e+03
3.273888848237241746e+03
3.642046834264227527e+03
3.936706961779317226e+03
4.097421586305990786e+03
4.065376525924903035e+03
3.814337513031266553e+03
3.381745579880656805e+03
2.858348712463571701e+03
2.336630441175293072e+03
1.876639558577739990e+03
1.504971371657565669e+03
1.224999269661957442e+03
1.027910685840880888e+03
9.013753547006238023e+02
8.344058781674007150e+02
8.191685023004114328e+02
8.511244662743458775e+02
9.283859653134062455e+02
1.050741671508489389e+03
1.218679082917379219e+03
1.432667377877184208e+03
1.692658551745005070e+03
1.997389529310297121e+03
2.343076563948030980e+03
2.721317658749057045e+03
3.116160053595569480e+03
3.500527675123597874e+03
3.832929355009200208e+03
4.057126536829675388e+03
4.110505212856965045e+03
3.948348662143614547e+03
3.579377487665867193e+03
3.077590866527152684e+03
2.542281954932757344e+03
2.049714364104856486e+03
1.639690485106164260e+03
1.323268169186604382e+03
1.094678328542584723e+03
9.417637585694271820e+02
8.524404733254178836e+02
8.174580542266312477e+02
8.309964036543648263e+02
8.902310562873077515e+02
9.944352426029588514e+02
1.143955931635438901e+03
1.339364396157262036e+03
1.580901363731669107e+03
1.867928308497590933e+03
2.197915708882201670e+03
2.564686937800199757e+03
2.955821093865440616e+03
3.349279691087598621e+03
3.709787783949364893e+03
3.986750031983807730e+03
4.118063063871323720e+03
4.047151413458588650e+03
3.756289514140627489e+03
3.294465822879797997e+03
2.758373425389200293e+03
2.238821981743440119e+03
1.791093928376245913e+03
1.436463040579649942e+03
1.173974165321623332e+03
9.925456905851031024e+02
8.793151905759049214e+02
8.236412824343850616e+02
8.183160581449947131e+02
8.594118986352187903e+02
9.455068609932617392e+02
1.076665290693755196e+03
1.253478366281481158e+03
1.476395483181259124e+03
1.745234605525806955e+03
2.058419056839887162e+03
2.411553419900657445e+03
2.795175133694200667e+03
3.191666881435387040e+03
3.571606332648499119e+03
3.890677932743396468e+03
4.090257417688113492e+03
4.107979691395334157e+03
3.905015086715353846e+03
3.501407923412920809e+03
2.980446892018320796e+03
2.442444024634447942e+03
1.959403147471716238e+03
1.565505740087278809e+03
1.266802938740843501e+03
1.054542229908766558e+03
9.155953937237421769e+02
8.380446781160246701e+02
8.132279752982461787e+02
8.359658976023189325e+02
9.039604936678781542e+02
1.016829051609115709e+03
1.175076929216632607e+03
1.379292782761108128e+03
1.629628940167797282e+03
1.925218074622191352e+03
2.263060019628740974e+03
2.636123992117599300e+03
3.030591856109069795e+03
3.422360906754479856e+03
3.773476339395396735e+03
4.030599540799373244e+03
4.130436720842119030e+03
4.019685482543162379e+03
3.690256842820910606e+03
3.202584259588916666e+03
2.657953600673250548e+03
2.144276753313594782e+03
1.711147061298326207e+03
1.374196873596443766e+03
1.128673746636355872e+03
9.619561308702487850e+02
8.610879374953156002e+02
8.159410211976860410e+02
8.199608913459112500e+02
8.698000250690233770e+02
9.644501837803795752e+02
1.104197582597915925e+03
1.289693910372423716e+03
1.521337527742351540e+03
1.798782538504362492e+03
2.120097494862875465e+03
2.480211655720423096e+03
2.868509582620479250e+03
3.265595405636507166e+03
3.639596635417855396e+03
3.943364924239214361e+03
4.116161116964211942e+03
4.096665117443038980e+03
3.853154138732575120e+03
3.417544892706474457e+03
2.881388923780255936e+03
2.344581981490322505e+03
1.873827263909119438e+03
1.497154278909555615e+03
1.215941440469502822e+03
1.019182981274663575e+03
8.932933781106600009e+02
8.267420328932051916e+02
8.115102170907669006e+02
8.430418742322099206e+02
9.195200754361310373e+02
1.040853719234463370e+03
1.207660902975223280e+03
1.420514993169759236e+03
1.679453417471307830e+03
1.983346372434523346e+03
2.328670111317519059e+03
2.707459089137018964e+03
3.104390914586508643e+03
3.493184470996867276e+03
3.833141118794637805e+03
4.068303114096138870e+03
4.134738380995941952e+03
3.983528337568635379e+03
3.617233473036861142e+03
3.107315174225230294e+03
2.558143283262742443e+03
2.053495159252188841e+03
1.636549980311441686e+03
1.317395283784656840e+03
1.088167060874806339e+03
9.352926686742962374e+02
8.460080598996718209e+02
8.107875232139650734e+02
8.237290750464860594e+02
8.820279512691147374e+02
9.850400350859304126e+02
1.133226008120515644e+03
1.327262477151436997e+03
1.567471352797862210e+03
1.853315237122916642e+03
2.182464725850158175e+03
2.549104974767963085e+03
2.941370463167558682e+03
3.337971718424653773e+03
3.704490349130129289e+03
3.990966715025963822e+03
4.134887367285336950e+03
4.076869879435186704e+03
3.793508264700448763e+03
3.328874020307982391e+03
2.781498576038071405e+03
2.249385955510566873e+03
1.793009857845826218e+03
1.434082850731266944e+03
1.169891587524318538e+03
9.878298122747655725e+02
8.742166585322029277e+02
8.180406802834850168e+02
8.119459763181212111e+02
8.519723700055537847e+02
9.367387181168809320e+02
1.066397702668366264e+03
1.241641129757205363e+03
1.463000464378746528e+03
1.730374758761113299e+03
2.042337115248426926e+03
2.394782844982566985e+03
2.778725704232920179e+03
3.177229066117290131e+03
3.561722476122245553e+03
3.888718120197809185e+03
4.099814747541510769e+03
4.131087176214268766e+03
3.939172407637158358e+03
3.538131876518506942e+03
3.009719685205337555e+03
2.459768070822190111e+03
1.966743095625721480e+03
1.566972329507462064e+03
1.265406588398574740e+03
1.051759064120626817e+03
9.119537898856111724e+02
8.336044487430732488e+02
8.078329460213398079e+02
8.293744741981611241e+02
8.959275723119358190e+02
1.007165558017912531e+03
1.163681590904523091e+03
1.366147576371772857e+03
1.614787385099039511e+03
1.908844606282779523e+03
2.245545167098641286e+03
2.618255995029544010e+03
3.013760110826786331e+03
3.408759382808198552e+03
3.766204246206000334e+03
4.033380639624154810e+03
4.146419115213735495e+03
4.048861266076196898e+03
3.726780257201382028e+03
3.236385442906768731e+03
2.681684640429360570e+03
2.157329670049688957e+03
1.716841831692949881e+03
1.375786930564544264e+03
1.128035712908728783e+03
9.599185630068342334e+02
8.579115211497927476e+02
8.116005078998016415e+02
8.142923003341243202e+02
8.625904427075270178e+02
9.555055672650715906e+02
1.093390404713320322e+03
1.276976936849867116e+03
1.506732578852215283e+03
1.782395743233157418e+03
2.102205319010152834e+03
2.461413302617768295e+03
2.849921937082728618e+03
3.249068227688169372e+03
3.627886277403356416e+03
3.940076389333469251e+03
4.125028406674784492e+03
4.119566775857389985e+03
3.887094850170978134e+03
3.453817623367047418e+03
2.910738134161472772e+03
2.363468943107353880e+03
1.884126980115914421e+03
1.502067157225783831e+03
1.217696572604625089e+03
1.018923551901685073e+03
8.915013868225820488e+02
8.235423686627528923e+02
8.068353300787706530e+02
8.367295975720090837e+02
9.113871063312029719e+02
1.030754684671467430e+03
1.195520664857228439e+03
1.406327412516431650e+03
1.663281437311973605e+03
1.965378412980516714e+03
2.309348494081869831e+03
2.687661067300230116e+03
3.085642784744286018e+03
3.477872846162364567e+03
3.824598481251390240e+03
4.070449614852263949e+03
4.150704359688646946e+03
4.012900788591933633e+03
3.653662402172105431e+03
3.140996658941887290e+03
2.582710177505411139e+03
2.068721737292814851e+03
1.645145478183416571e+03
1.321826083700323352e+03
1.089889090300889166e+03
9.350265260088744981e+02
8.440470906653297334e+02
8.071787885242378024e+02
8.183795716345773599e+02
8.747822880957588723e+02
9.757468157048210742e+02
1.121785860327356204e+03
1.313642722257975947e+03
1.551701813410112663e+03
1.835518427089353054e+03
2.162956569820482855e+03
2.528557392069468278e+03
2.921016411844724644e+03
3.319830728256582461e+03
3.691539561374315781e+03
3.987035901208381802e+03
4.143802126251245681e+03
4.100254645208606235e+03
3.827783872717312988e+03
3.365126724489039589e+03
2.811206512887917597e+03
2.269733823454700996e+03
1.805647998593746024e+03
1.441501957039823083e+03
1.173828727827610010e+03
9.892547679899980722e+02
8.736078179985512406e+02
8.155770163997877944e+02
8.076215427044835451e+02
8.456774642623306590e+02
9.283304266735099191e+02
1.055759418964017414e+03
1.228714804618753533e+03
1.447788397695226422e+03
1.712951013779350660e+03
2.022918977136616377e+03
2.373870737959394319e+03
2.757293941582800016e+03
3.156950990410600298e+03
3.545186654727284804e+03
3.879489456100845473e+03
4.101980051633530820e+03
4.147679685350354703e+03
3.969268353547650804e+03
3.574851916839837031e+03
3.043562340113169739e+03
2.485209753329744672e+03
1.983745928708359997e+03
1.577713060959847326e+03
1.271822280933760567e+03
1.055066495015258397e+03
9.128296620245567965e+02
8.323756613062399765e+02
8.045977020377988538e+02
8.240864871614627418e+02
8.884686566193913677e+02
9.974123170833851191e+02
1.151553441090576371e+03
1.351621821733138631e+03
1.597902028551739022e+03
1.889742386846297677e+03
2.224587127571694054e+03
2.596193947487707192e+03
2.991952471082687680e+03
3.389405736728598640e+03
3.752507524163831022e+03
4.029380662619115355e+03
4.155976338530805151e+03
4.073243602124552126e+03
3.761754495066642448e+03
3.272872077551100119e+03
2.711864347772593646e+03
2.178923107994148268e+03
1.731240545494227945e+03
1.384971135426286992e+03
1.133444357441569537e+03
9.624338255919709582e+02
8.580221975258606335e+02
8.095249632431092550e+02
8.100648788778175913e+02
8.561347654555349891e+02
9.467047916409203481e+02
1.082147194584764065e+03
1.263245011332306149e+03
1.490521490400732773e+03
1.763793309835039054e+03
2.081462635264419987e+03
2.439095294490028664e+03
2.827108430023717574e+03
3.227589887819856813e+03
3.610541937248018712e+03
3.930659272785506346e+03
4.127755718827614146e+03
4.137288585791347032e+03
3.918278747415381076e+03
3.491057143652145896e+03
2.944876584782543432e+03
2.389702418351838787e+03
1.902493285126181718e+03
1.514328859686391752e+03
1.225452262007828722e+03
1.023257229523856495e+03
8.930743090796904653e+02
8.227075886914249168e+02
8.037241882806969215e+02
8.313247023324066731e+02
9.035935317157025111e+02
1.020467501792887788e+03
1.182672320903233640e+03
1.390902925942356660e+03
1.645328349316110007e+03
1.945063790196082437e+03
2.287084190461146136e+03
2.664286296522274370e+03
3.062651119645850940e+03
3.457653782759574369e+03
3.810583602054575749e+03
4.066868934817772697e+03
4.161388687676705558e+03
4.038658117389288691e+03
3.689556743886404547e+03
3.177843041633270332e+03
2.613358634449821693e+03
2.091291848973593460e+03
1.660798595760935314e+03
1.332199132563231160e+03
1.096245846685051902e+03
9.382055292470960239e+02
8.445484229658048889e+02
8.052459917027567826e+02
8.140709872298324399e+02
8.680413605573604627e+02
9.664732445036229365e+02
1.109895585351664749e+03
1.299098215033554879e+03
1.534520029953319636e+03
1.815804056598117768e+03
2.140999514942169299e+03
2.504993716214467895e+03
2.897040291824233918e+03
3.297440387964823458e+03
3.673751133927723004e+03
3.977863109574957434e+03
4.147549199736660739e+03
4.119496357126587100e+03
3.860292391813466111e+03
3.402997337956985575e+03
2.845671149525001056e+03
2.296603347688267604e+03
1.824987391761204890e+03
1.454780952862234926e+03
1.182438778498615648e+03
9.942069330446329332e+02
8.755581600037701264e+02
8.148949194805146590e+02
8.044569986643070933e+02
8.400290360498858035e+02
9.201169495288845610e+02
1.044888296403711365e+03
1.215128050683642869e+03
1.431477896189601779e+03
1.693975880363226906e+03
2.001474853253423134e+03
2.350426138330602498e+03
2.732783369981170836e+03
3.133013077063089895e+03
3.524410016683810682e+03
3.865534682168144172e+03
4.099241761808704723e+03
4.159886657878190817e+03
3.996666687542277032e+03
3.611778117562698753e+03
3.080800814789112792e+03
2.516246636929325632e+03
2.007009426968527578e+03
1.594193206253296239e+03
1.282939288072580439e+03
1.061983497398075542e+03
9.163622495729190405e+02
8.330304939602719969e+02
8.026311715297013052e+02
8.195687097847846871e+02
8.813534759471543794e+02
9.876097261230271442e+02
1.138988948721306542e+03
1.336265091207209252e+03
1.579778389974034326e+03
1.868976796139457747e+03
2.201513414467188795e+03
2.571526273086403762e+03
2.967008535392220892e+03
3.366361354662733902e+03
3.734601608595293328e+03
4.020835370862427226e+03
4.161131941054434719e+03
4.094302535303882451e+03
3.795721476741553488e+03
3.311397989654461071e+03
2.746612043723413535e+03
2.206235383897853808e+03
1.751203786924591213e+03
1.398866979718921129e+03
1.142542562473267935e+03
9.677043964313446622e+02
8.601172219441414200e+02
8.088204172539275305e+02
8.067181047226023338e+02
8.501510048851902184e+02
9.380102821900237586e+02
1.070657820890321545e+03
1.248910368032930819e+03
1.473340377622963160e+03
1.743838872713550245e+03
2.058963477098034218e+03
2.414582694788271056e+03
2.801620449364397246e+03
3.202920204234730591e+03
3.589486647644186633e+03
3.917105404300837108e+03
4.126230558170776931e+03
4.151338775032301783e+03
3.947490956123719570e+03
3.529041553211614882e+03
2.982471516185704786e+03
2.420999167255104112e+03
1.926176774931603177e+03
1.531283798972472596e+03
1.236971055840645022e+03
1.030445437166734791e+03
8.967325547868274498e+02
8.233424615559978292e+02
8.015948001946663908e+02
8.265039256543871034e+02
8.960391502091463281e+02
1.010095825425318822e+03
1.169416227423668488e+03
1.374738647451267980e+03
1.626291089905761282e+03
1.923302374414856786e+03
2.262981693426618676e+03
2.638642301903013504e+03
3.036916287309730251e+03
3.434191197436090533e+03
3.792858568569205545e+03
4.059295166111959588e+03
4.168283499175744510e+03
4.061751356401408884e+03
3.725032128975299656e+03
3.216983134519687155e+03
2.648296130961555264e+03
2.118840725025345364e+03
1.681084497070710768e+03
1.346396540915770402e+03
1.105555561305500987e+03
9.435719655200874740e+02
8.466167008466876496e+02
8.043900165213154878e+02
8.104468320695041257e+02
8.616544224049076774e+02
9.572530427801837050e+02
1.097764179835766754e+03
1.284011756638314864e+03
1.516484880248618310e+03
1.794910139338871659e+03
2.117512961591616204e+03
2.479514993472954757e+03
2.870719634855130607e+03
3.272236493490775047e+03
3.652674859263073358e+03
3.965021964066762393e+03
4.147564238194780955e+03
4.135644778225763730e+03
3.891411884517000544e+03
3.441999836075350231e+03
2.883538413207441863e+03
2.328005108980965360e+03
1.848841069312270065e+03
1.471925267066437300e+03
1.194096818564848036e+03
1.001449955451189226e+03
8.791730760053990252e+02
8.153813912895218436e+02
8.020688104171099440e+02
8.348352930025464502e+02
9.120750914329396437e+02
1.033918556570737110e+03
1.201169470876554897e+03
1.414513275272821147e+03
1.674052167872639529e+03
1.978768543131100841e+03
2.325375135421628329e+03
2.706280378412464870e+03
3.106651345033330472e+03
3.500749060898641346e+03
3.848267590594620287e+03
4.092951496271361975e+03
4.168800339308995717e+03
4.021940412217179983e+03
3.648743062272986663e+03
3.120465838266887204e+03
2.551248823202516633e+03
2.034592486795627337e+03
1.614548703601841908e+03
1.297191810251772722e+03
1.071295451482714725e+03
9.216584945759680068e+02
8.349445061142615714e+02
8.015275095021132756e+02
8.155957475719709464e+02
8.745123182084280415e+02
9.778306601272071248e+02
1.126198947962269358e+03
1.320426471763239988e+03
1.560906136700165689e+03
1.847180605316609444e+03
2.177101741713680894e+03
2.545175547987022128e+03
2.939990096356378217e+03
3.340808754455218150e+03
3.713746410553347232e+03
4.008995700526000292e+03
4.162976191996465786e+03
4.112744916537621975e+03
3.828773078441840426e+03
3.351327274702493014e+03
2.784634422430729501e+03
2.237577339982681679e+03
1.775007924373527658e+03
1.415972366041912437e+03
1.154138855815371926e+03
9.748396886717087000e+02
8.635625996105364948e+02
8.090623345040542063e+02
8.039987968975731292e+02
8.445312272538135403e+02
9.294444515982271469e+02
1.059068802705718781e+03
1.234242818991510603e+03
1.455584089795972886e+03
1.723054704860951460e+03
2.035359614281904896e+03
2.388657769950074453e+03
2.774368347098636605e+03
3.176086503857862681e+03
3.565835762107122264e+03
3.900556970057432864e+03
4.121508409515782660e+03
4.162504367410106170e+03
3.975027477358017222e+03
3.567421088827277345e+03
3.022537868201757192e+03
2.455923488350383195e+03
1.953605709529712158e+03
1.551500464317005253e+03
1.251087251619941298e+03
1.039601265799906969e+03
9.018341156556837177e+02
8.250065365110535822e+02
8.001707214782950359e+02
8.221277036123530024e+02
8.887047237777780992e+02
9.997328902116923928e+02
1.155956108900584240e+03
1.358149860636783842e+03
1.606598623345728356e+03
1.900638927423073483e+03
2.237703117655493315e+03
2.611508132367822782e+03
3.009328157434328205e+03
3.408467094575171814e+03
3.772455076563443527e+03
4.048726675812135454e+03
4.172211298203957085e+03
4.082628362638598901e+03
3.759981300130963064e+03
3.257709429981723588e+03
2.686335748342502939e+03
2.149959807280008590e+03
1.704651283946724789e+03
1.363282378557946231e+03
1.116936671769910390e+03
9.504771909960898029e+02
8.497977128957359128e+02
8.043146648950953477e+02
8.073411304181787500e+02
8.555677046441495577e+02
9.481352130521200934e+02
1.085540205025359455e+03
1.268631789704332732e+03
1.497946448847042575e+03
1.773290435149650420e+03
2.093056135742837796e+03
2.452786649468494033e+03
2.842823237413061634e+03
3.245079725667946605e+03
3.629234588148832245e+03
3.949440054865507136e+03
4.144670305118813303e+03
4.149251242286417437e+03
3.921235368445523363e+03
3.481673895415662628e+03
2.923859445242696893e+03
2.362702794940511467e+03
1.875947441227729996e+03
1.491834263454725715e+03
1.207928935351207883e+03
1.010329932793502394e+03
8.839863113234254115e+02
8.167231995973212406e+02
8.002687008561903212e+02
8.300136647639785679e+02
9.042170430966627919e+02
1.022952658007420496e+03
1.187031297954657248e+03
1.397177871995521400e+03
1.653556176889843073e+03
1.955271146697987433e+03
2.299284965234577157e+03
2.678447583312872212e+03
3.078617254184664034e+03
3.475025273049759107e+03
3.828538051302372878e+03
4.083907405135640602e+03
4.175033075100366659e+03
4.045340614430798269e+03
3.685504198646169698e+03
3.161831676049401722e+03
2.589157260400364066e+03
2.065335299513652444e+03
1.637721308615236467e+03
1.313716696132908055e+03
1.082344726272729758e+03
9.282415374335643037e+02
8.377895467432241503e+02
8.010793597454055543e+02
8.120608167918805975e+02
8.679266288601356791e+02
9.681389936049315565e+02
1.113328356587796407e+03
1.304332768538140499e+03
1.541595582420430674e+03
1.824749403103586019e+03
2.151834569145689329e+03
2.517711581281741019e+03
2.911551089495133510e+03
3.313474201389592963e+03
3.690712041591605157e+03
3.994617690265174133e+03
4.162147505147787342e+03
4.128938412929130209e+03
3.860854647390566697e+03
3.392140561643851925e+03
2.825049848692244268e+03
2.271901891747314494e+03
1.801645675365416992e+03
1.435438993849895724e+03
1.167573716301000559e+03
9.833535412513831488e+02
8.680169310400574432e+02
8.100267994337424398e+02
8.017796142748017019e+02
8.392310747997282760e+02
9.210388274180564849e+02
1.047485198327367243e+03
1.219421253159551043e+03
1.437506687158847171e+03
1.701771664966345270e+03
2.011060353227742780e+03
2.361809420901101475e+03
2.745919536161451560e+03
3.147727804058443780e+03
3.540280992362842881e+03
3.881717413182653672e+03
4.114226857804442261e+03
4.171230995668871401e+03
4.000989667363858189e+03
3.605865351011915209e+03
3.064367358848738149e+03
2.493549941697818213e+03
1.983833424587484387e+03
1.574150593309268970e+03
1.267141728108609186e+03
1.050230544408708056e+03
9.080256965840180783e+02
8.274613032530755845e+02
7.993069458270706491e+02
8.181298754851823105e+02
8.815945898200532156e+02
9.894501448156823926e+02
1.142430209177996403e+03
1.341342633013931618e+03
1.586526287704881042e+03
1.877419641538412407e+03
2.211666958743472605e+03
2.583374815947549450e+03
2.980446708756245698e+03
3.381098349752976901e+03
3.750018607220619742e+03
4.035780878918983035e+03
4.173662167251676692e+03
4.101512742395291752e+03
3.794243986019088879e+03
3.299480384929473075e+03
2.726679500627496509e+03
2.183773087197391760e+03
1.730697069787262762e+03
1.382200819278570862e+03
1.129888405633320644e+03
9.585571721014673585e+02
8.538398970440581479e+02
8.048595444918646535e+02
8.046691400013406792e+02
8.497626041238981998e+02
9.391628359759000659e+02
1.073327409838162794e+03
1.253123411395554967e+03
1.479132428363477857e+03
1.751236685238207201e+03
2.067986351493630991e+03
2.425232539847053431e+03
2.813840106466810539e+03
3.216517014665505030e+03
3.604016182166115868e+03
3.931701738435660900e+03
4.139374819775640390e+03
4.160627922890490481e+03
3.949750684485609327e+03
3.521636810033199708e+03
2.965966284933235329e+03
2.399900480970596618e+03
1.905538372118713596e+03
1.513859036126184719e+03
1.223429395150794790e+03
1.020473154481852248e+03
8.897344787251638536e+02
8.187463513871300620e+02
7.989559194666869644e+02
8.255260863635061241e+02
8.965619004387508539e+02
1.012065059933182511e+03
1.172843631183109892e+03
1.379658465676368223e+03
1.632732659560603679e+03
1.931286855523563872e+03
2.272520583860183706e+03
2.649710694390600565e+03
3.049393365626837749e+03
3.447765788650364357e+03
3.806889604315524139e+03
4.072613744024649804e+03
4.178954568041631319e+03
4.066977507155347212e+03
3.721828059881180707e+03
3.204360651830505958e+03
2.629263980036089379e+03
2.098511572277262530e+03
1.663073484385370875e+03
1.332005240636463895e+03
1.094748997876052272e+03
9.358371717496054316e+02
8.413794192825283744e+02
8.011720050691725419e+02
8.089092193979716967e+02
8.615951703585252517e+02
9.585843041471845254e+02
1.100477365086590453e+03
1.288135606686951178e+03
1.522050914982631411e+03
1.801941277573773050e+03
2.126025320056936380e+03
2.489503928208942853e+03
2.882115528718994028e+03
3.284828659505470114e+03
3.665997324917714195e+03
3.978187938741325979e+03
4.159046682556347150e+03
4.143087557611702323e+03
3.891868871345368007e+03
3.433429482134267346e+03
2.867244205068775955e+03
2.308532847592054168e+03
1.830496160951930960e+03
1.456757638392374929e+03
1.182457366748620188e+03
9.929617993305733989e+02
8.732829156063876326e+02
8.115867378127401253e+02
7.999915089854806638e+02
8.342320008107351441e+02
9.128218339480110899e+02
1.035981634909214790e+03
1.204567073475623147e+03
1.419277323357209298e+03
1.680207836375381021e+03
1.986334101382052722e+03
2.334357590487592915e+03
2.716645256829210211e+03
3.118262455471296107e+03
3.513275312276356999e+03
3.861046183673138330e+03
4.104796869614724528e+03
4.177789741815230627e+03
4.025398500674559273e+03
3.644092929236790951e+03
3.107444040072540702e+03
2.533260214234176146e+03
2.016261712664970219e+03
1.598727440833103628e+03
1.284738594663670938e+03
1.062039976398809586e+03
9.150997676276153925e+02
8.305685892109268025e+02
7.989219001015526374e+02
8.144770689377138524e+02
8.747191581240364258e+02
9.793003652117763522e+02
1.128933936549281043e+03
1.324455839645089782e+03
1.566257446719312384e+03
1.853873638790815903e+03
2.185149461029751819e+03
2.554566350131153740e+03
2.950641761796664923e+03
3.352492844126725231e+03
3.725975868391070890e+03
4.020863391762658466e+03
4.172948697167687897e+03
4.118521729829687501e+03
3.827660280239300391e+03
3.341881790029568492e+03
2.768773849675464135e+03
2.219711517319673021e+03
1.758721197058572898e+03
1.402751468890368869e+03
1.144109142694461525e+03
9.675948714973692404e+02
8.585949671415608009e+02
8.059320053951674936e+02
8.023846882925253112e+02
8.442341463999658799e+02
9.303700097855615923e+02
1.061198844706709679e+03
1.237599313943552261e+03
1.460196041011527996e+03
1.728943749560612105e+03
2.042541456149050191e+03
2.397134601446903162e+03
2.784095819333981126e+03
3.186913135193392463e+03
3.577410907901436076e+03
3.912196527519484789e+03
4.132011080262551332e+03
4.169964412452982288e+03
3.976908926842575511e+03
3.561578987184554080e+03
3.009376337324284123e+03
2.439064882208660492e+03
1.937123490924362159e+03
1.537596635151875716e+03
1.240289143520038579e+03
1.031653699149614567e+03
8.962599471708899728e+02
8.213482562429372820e+02
7.980731263812911038e+02
8.213543827033946627e+02
8.891277851171537350e+02
1.001309586965544440e+03
1.158696508637302713e+03
1.362082093569335484e+03
1.611746597302431837e+03
1.907019831148706999e+03
2.245326634190409550e+03
2.620355308640828298e+03
3.019304067844087058e+03
3.419325782798609453e+03
3.783688766769970698e+03
4.059408426276684622e+03
4.180803703100147686e+03
4.086897305973938728e+03
3.757510324100827347e+03
3.247647190126474015e+03
2.671077927885690769e+03
2.133645923062204474e+03
1.690202070396451745e+03
1.351741979987233663e+03
1.108274042062371336e+03
9.442790311959128076e+02
8.456024787581297915e+02
8.017382433117016944e+02
8.061113781752685554e+02
8.555223767026478754e+02
9.492038933147534863e+02
1.087716409710523067e+03
1.271939260498030535e+03
1.502411056052123513e+03
1.778930870832061373e+03
2.099885676562994831e+03
2.460802307372595351e+03
2.851970526009449713e+03
3.255191954640119548e+03
3.639941847491922999e+03
3.960037310074772904e+03
4.153941708691624626e+03
4.155314105628048310e+03
3.921712748775918044e+03
3.474871697960574238e+03
2.910775116979847553e+03
2.347014869184123654e+03
1.861158774292574208e+03
1.479607639102599933e+03
1.198547865280974975e+03
1.003489857269054596e+03
8.792405389827621320e+02
8.136661157787179945e+02
7.985949669754846809e+02
8.295266749199648757e+02
9.048165767270895685e+02
1.024611595356783255e+03
1.189764752895388938e+03
1.401012178115847291e+03
1.658512006378340402e+03
1.961363477904247020e+03
2.306519971388364411e+03
2.686798599508612369e+03
3.087976571107330074e+03
3.485129605770598118e+03
3.838859192290993633e+03
4.093499218532087980e+03
4.182357310474137194e+03
4.048242432639318395e+03
3.681869872357309760e+03
3.151381192882140112e+03
2.574624324896495182e+03
2.050495685812759803e+03
1.624906589611442087e+03
1.303628821140867331e+03
1.074847138005305169e+03
9.229284719492595741e+02
8.342443317532862466e+02
7.989673128032591194e+02
8.111517891233296496e+02
8.680893314193109518e+02
9.693223845973423067e+02
1.115534533578889750e+03
1.307585796643355934e+03
1.545918242407693697e+03
1.830157953144365820e+03
2.158339846645037142e+03
2.525305039990089881e+03
2.920167883492574674e+03
3.322932499437278693e+03
3.700622888281078758e+03
4.004255473749406519e+03
4.170283381384503627e+03
4.133720274516308564e+03
3.860086169069873904e+03
3.384590499257726606e+03
2.812219921024612177e+03
2.257389463708280800e+03
1.788397189321923634e+03
1.424678921501760669e+03
1.159409025220211788e+03
9.774549984213448397e+02
8.639714511963966288e+02
8.074759580886221784e+02
8.004614344535335704e+02
8.389827277508246652e+02
9.217829239037638445e+02
1.049206766725585112e+03
1.222138450618573188e+03
1.441243587616382001e+03
1.706546162837009433e+03
2.016885443423691640e+03
2.368687470497168306e+03
2.753815840867109273e+03
3.156521806965578890e+03
3.549692221378303202e+03
3.891197463397069441e+03
4.122811152214834692e+03
4.177384477156624598e+03
4.002651794710865488e+03
3.601248923167080648e+03
3.053728561102096137e+03
2.479823539259311929e+03
1.970376218545451366e+03
1.562786094226025625e+03
1.258311258506437525e+03
1.043729158732057158e+03
9.034643024923104804e+02
8.244657408584888572e+02
7.975862051106511217e+02
8.174898700386449946e+02
8.819299799189515170e+02
9.907254766556252434e+02
1.144653696449082645e+03
1.344537654780213188e+03
1.590712743992152127e+03
1.882611760066348097e+03
2.217873010403309763e+03
2.590580326069313287e+03
2.988576281106552415e+03
3.389955058855848165e+03
3.759194614347424249e+03
4.044530372021325547e+03
4.180745329893858980e+03
4.105117218499538467e+03
3.792376964706145827e+03
3.291376382267494591e+03
2.714244369870114497e+03
2.170413903447136363e+03
1.718841478804524058e+03
1.372723309012964137e+03
1.122770587471031831e+03
9.534621082936015455e+02
8.503890347818431792e+02
8.027370423849694134e+02
8.036507182895961705e+02
8.497141211061475587e+02
9.400257082358203888e+02
1.075095977198563105e+03
1.255817352494037550e+03
1.482773366366204755e+03
1.755840177596544436e+03
2.073563499079506073e+03
2.431781571682263802e+03
2.821317984984942996e+03
3.224790275263533204e+03
3.612787261657284944e+03
3.940402238953819051e+03
4.147022686623386107e+03
4.165696378836435542e+03
3.950290538906741858e+03
3.516207991427741945e+03
2.955311333284386365e+03
2.387028220638486800e+03
1.893364370065276944e+03
1.503779106579120935e+03
1.215689282514228807e+03
1.014826365235444996e+03
8.858140185285609505e+02
8.162176631934449915e+02
7.975664981608048265e+02
8.251128355567849439e+02
8.970412276704906844e+02
1.013413967956148326e+03
1.175074489697507488e+03
1.382793303936388156e+03
1.636788798512548510e+03
1.936276778362067716e+03
2.278449785316313864e+03
2.656558419439110821e+03
3.057073499223459748e+03
3.456066332385044916e+03
3.815383952557090652e+03
4.080536328053317447e+03
4.185057210393383684e+03
4.069498524300337067e+03
3.719001483423277023e+03
3.195878768664388645e+03
2.617330454463474325e+03
2.086263851017240995e+03
1.652472286058012287e+03
1.323649987998552206e+03
1.088534509403064476e+03
9.314302430344487220e+02
8.384355466155603835e+02
7.994135690893482433e+02
8.081447136359371370e+02
8.617148275448512322e+02
9.595449828919438460e+02
1.102280400682864411e+03
1.290801066690333982e+03
1.525597975064854836e+03
1.806383545044504217e+03
2.131371976252196873e+03
2.495748718534762247e+03
2.889206818350542108e+03
3.292620012076259627e+03
3.674174140872286443e+03
3.986162027778947959e+03
4.165819763575425895e+03
4.147147419906705181e+03
3.891396512259150768e+03
3.427347510730248814e+03
2.856718242267077585e+03
2.296534527907460870e+03
1.819503866180644309e+03
1.447814398879188957e+03
1.175664468796225037e+03
9.880504138503691820e+02
8.699110452741567769e+02
8.094562929818122257e+02
7.988838883639932646e+02
8.340107531178811087e+02
9.134215719456399256e+02
1.037389219100941773e+03
1.206797482307181554e+03
1.422350842421701600e+03
1.684139546399448363e+03
1.991134911577286630e+03
2.340029955073986002e+03
2.723161811633235175e+03
3.125526212184136057e+03
3.521059193554657668e+03
3.868904901810034517e+03
4.111945657482173374e+03
4.182975384020804995e+03
4.026922714650391299e+03
3.640439223213270907e+03
3.098742355849233718e+03
2.521905081745561347e+03
2.005070404548241640e+03
1.589252356881673904e+03
1.277366128474054904e+03
1.056606945998686342e+03
9.112842029453975101e+02
8.280586902016239037e+02
7.974742275306238071e+02
8.139286123256709971e+02
8.749808579557570738e+02
9.803416993720474011e+02
1.130761346635284781e+03
1.327088965803284509e+03
1.569713151613697164e+03
1.858163890368959983e+03
2.190281404703308908e+03
2.560528903218687446e+03
2.957374452804664543e+03
3.359836191176017564e+03
3.733598254745131271e+03
4.028157060041291516e+03
4.178900764690180040e+03
4.121642180983537401e+03
3.826280498149678806e+03
3.335295703681453233e+03
2.758495979959178840e+03
2.208584941984583565e+03
1.748810392157291517e+03
1.394813555563732734e+03
1.138140646540063926e+03
9.633182116904329177e+02
8.556943384672857746e+02
8.041426249188912152e+02
8.015177820038419441e+02
8.441761780472205601e+02
9.310707992095734653e+02
1.062652948479338875e+03
1.239823112784359864e+03
1.463207890225016399e+03
1.732756824088824942e+03
2.047165156288466051e+03
2.402568043994251184e+03
2.790304726144027882e+03
3.193789497157059941e+03
3.584712535498942088e+03
3.919459520292443813e+03
4.138432199947006666e+03
4.174289572201584633e+03
3.977517755478516392e+03
3.557225057029431809e+03
3.000594594344521738e+03
2.428338767212817402e+03
1.926925305712979025e+03
1.529130178958680290e+03
1.233778194552520745e+03
1.026898381812950902e+03
8.929542371901712841e+02
8.192112150409550395e+02
7.968917999938106504e+02
8.209905400785905840e+02
8.895099459278874292e+02
1.002417471072879721e+03
1.160540128496447551e+03
1.364680102439818256e+03
1.615113758955740423e+03
1.911166698535798560e+03
2.250258132370100157e+03
2.626055192529184296e+03
3.025702808570413708e+03
3.426250765643076647e+03
3.790791348965553425e+03
4.066061565921743295e+03
4.185982009274976008e+03
4.089142049024270818e+03
3.755324202835227425e+03
3.240695504300961602e+03
2.661142602775096293e+03
2.123372135789309141e+03
1.681276228949619281e+03
1.344693106563142464e+03
1.103024416759647238e+03
9.405517708323714032e+02
8.431080344903177775e+02
8.002420735010720136e+02
8.054509350001802659e+02
8.556038286235440182e+02
9.499897195731075499e+02
1.089207063527313267e+03
1.274151601892425560e+03
1.505361477836149334e+03
1.782630942559023197e+03
2.104343263633375500e+03
2.466012876442426204e+03
2.857892602393723337e+03
3.261706361926816953e+03
3.646791225203874546e+03
3.966739217179465868e+03
4.159675393345240082e+03
4.158829754302956644e+03
3.921484058525317778e+03
3.469939324548655350e+03
2.902034399472167479e+03
2.336946226093237783e+03
1.851886085723181623e+03
1.472043099556221705e+03
1.192792995931735732e+03
9.993237048286623576e+02
8.763757723070704060e+02
8.118505608233222119e+02
7.976428082893301053e+02
8.293212285134808326e+02
9.053012625774963453e+02
1.025774367516327175e+03
1.191617955518123154e+03
1.403573125243787672e+03
1.661793614984818987e+03
1.965375022371732712e+03
2.311263924171706094e+03
2.692253233729702060e+03
3.094063092770085404e+03
3.491662164140243476e+03
3.845472090964012750e+03
4.099546507872711118e+03
4.186803757672479151e+03
4.049671229759220751e+03
3.678975849101969743e+03
3.144191195093307670e+03
2.565103192767106066e+03
2.041043515384935745e+03
1.616874403161725240e+03
1.297366295894052200e+03
1.070225550612482266e+03
9.196780626756888068e+02
8.321011398827907897e+02
7.977241365076822603e+02
8.106691307546119560e+02
8.682902936869105588e+02
9.701799336048405848e+02
1.117053523133609360e+03
1.309782879956355600e+03
1.548807927056755489e+03
1.833750450277705568e+03
2.162641386111368774e+03
2.530307121714864934e+03
2.925821572756829482e+03
3.329107302405388509e+03
3.707046192386638722e+03
4.010426393526340235e+03
4.175364908580846532e+03
4.136473124080349407e+03
3.859095633515107693e+03
3.379196178863796831e+03
2.803622591034566540e+03
2.247988523300421093e+03
1.779980970034124994e+03
1.417919975925231029e+03
1.154318528876940263e+03
9.738022362331574868e+02
8.614891614726265061e+02
8.059385381484993331e+02
7.997071944808018316e+02
8.389137155660973804e+02
9.223551580326358135e+02
1.050414736700394542e+03
1.223995843705687776e+03
1.443766190798359958e+03
1.709745303581506732e+03
2.020769170849249349e+03
2.373255541244288452e+03
2.759040743477358774e+03
3.162315282290530376e+03
3.555855062822389300e+03
3.897346885762598504e+03
4.128282811764389407e+03
4.181136651499253276e+03
4.003321802262939855e+03
3.597743365718679343e+03
3.046415438487123993e+03
2.470767711066857373e+03
1.961706091329747096e+03
1.555562343268524273e+03
1.252744538807951130e+03
1.039657288427395770e+03
9.006288706517339051e+02
8.226272501968023789e+02
7.965620913130072722e+02
8.171608862228364387e+02
8.822337654158814075e+02
9.916436261917189086e+02
1.146194225103325607e+03
1.346716520673242258e+03
1.593542717862923155e+03
1.886101877413915190e+03
2.222027706613766895e+03
2.595386821750683794e+03
2.993977933203820612e+03
3.395809898926589085e+03
3.765214678938925772e+03
4.050196475930498309e+03
4.185205843588652897e+03
4.107150871159334201e+03
3.790699098339289776e+03
3.285630725058788357e+03
2.705874406548500247e+03
2.161676401705754870e+03
1.711213430390433359e+03
1.366683416695322194e+03
1.118264647863702294e+03
9.502577283071112788e+02
8.482394532297157639e+02
8.014410404544887570e+02
8.030680305123401013e+02
8.497630708183401111e+02
9.406729283276646356e+02
1.076341054884578853e+03
1.257674543095649369e+03
1.485256869119706607e+03
1.758959968247248753e+03
2.077326380608491945e+03
2.436184304075287400e+03
2.826326985599665932e+03
3.230307622934396022e+03
3.618600257864507057e+03
3.946110980340822152e+03
4.151945134922191755e+03
4.168788479159893541e+03
3.950257450302970938e+03
3.512185317170452890e+03
2.947977339656795721e+03
2.378470831264630306e+03
1.885431406156142884e+03
1.497285059293228187e+03
1.210738614033305339e+03
1.011236556043850328e+03
8.833406398236048744e+02
8.146442903104759807e+02
7.967327151773495189e+02
8.249171785951073161e+02
8.974337917421231623e+02
1.014383383275308233e+03
1.176630912876366665e+03
1.384951673860673054e+03
1.639560336297776757e+03
1.939669458478758543e+03
2.282466046707635542e+03
2.661180899457103806e+03
3.062237609314433485e+03
3.461618462973142414e+03
3.821020679141359324e+03
4.085720387835796828e+03
4.188924453408580121e+03
4.070854505988035726e+03
3.716710345528207199e+03
3.189885593376348424e+03
2.609254257656146819e+03
2.078174409630893933e+03
1.645566322441292414e+03
1.318251667930229132e+03
1.084543599344555560e+03
9.286183381122751825e+02
8.365761770262810160e+02
7.983277816508604019e+02
8.077112515935930332e+02
8.618661423369186423e+02
9.602566062515127214e+02
1.103555802177667147e+03
1.292654477401212716e+03
1.528042039910553740e+03
1.809427088922752546e+03
2.135020472155043080e+03
2.499995641283390796e+03
2.894012241932193774e+03
3.297876155806846782e+03
3.679654663704448012e+03
3.991449900516674006e+03
4.170216195458006951e+03
4.149611105729571136e+03
3.890715506613712478e+03
3.422899888102209388e+03
2.849452083092659905e+03
2.288493438964585039e+03
1.812260318343651988e+03
1.441977881476884022e+03
1.171259634371069296e+03
9.848841145649785176e+02
8.677543245649540040e+02
8.081142720686391385e+02
7.982160244965655238e+02
8.339311885632022268e+02
9.138910461482831806e+02
1.038402029959950369e+03
1.208365097810813722e+03
1.424486992337363517e+03
1.686854101653612588e+03
1.994434833493828819e+03
2.343915454301757563e+03
2.727610649175940125e+03
3.130465624072093760e+03
3.526323752014300680e+03
3.874175607808673703e+03
4.116667504157102485e+03
4.186274364193362089e+03
4.027641402701660809e+03
3.637608784199203001e+03
3.092597634708170062e+03
2.514172718192511638e+03
1.997605482384521110e+03
1.583005581969118111e+03
1.272540189897621985e+03
1.053070440129559529e+03
9.088165801999901987e+02
8.264531409261168164e+02
7.965720528865706456e+02
8.136254073495805414e+02
8.752213207036219274e+02
9.811087733743751187e+02
1.132061360157223135e+03
1.328935689791911500e+03
1.572117774944993698e+03
1.861134240120623645e+03
2.193821488998235964e+03
2.564628622508211720e+03
2.961987277409999024e+03
3.364844279779486897e+03
3.738761461598055121e+03
4.033041263162730047e+03
4.182791670226399219e+03
4.123507355842113611e+03
3.825006983200095874e+03
3.330512400761597291e+03
2.751372546633841011e+03
2.201065432449046057e+03
1.742207510598867657e+03
1.389568803200965021e+03
1.134219834796311034e+03
9.605246585807255997e+02
8.538152370733646421e+02
8.030030676598129276e+02
8.009950307179781248e+02
8.441980588352092809e+02
9.316071151088295892e+02
1.063702490481397263e+03
1.241397995041511876e+03
1.465320550710486714e+03
1.735415974131557277e+03
2.050376730378264256e+03
2.406329773628776820e+03
2.794589214153909779e+03
3.198515577935388592e+03
3.589702775283972187e+03
3.924379238676123350e+03
4.142709130665772136e+03
4.177043180331646909e+03
3.977639200310107299e+03
3.553929224882447670e+03
2.994385407206689706e+03
2.420985574008984713e+03
1.920055689888480401e+03
1.523483479290736341e+03
1.229462965383231676e+03
1.023763357964130023e+03
8.907892600569406341e+02
8.178282369730580967e+02
7.961504924656286448e+02
8.208014253226830306e+02
8.898283163215369314e+02
1.003232390372212194e+03
1.161859926859988036e+03
1.366517787841065001e+03
1.617479201694016183e+03
1.914066827625426413e+03
2.253695316748987807e+03
2.630015472856458018e+03
3.030132800243177826e+03
3.431022359856711773e+03
3.795650425920758153e+03
4.070557007532736861e+03
4.189385649185852344e+03
4.090437589192174073e+03
3.753514334608655190e+03
3.235661974341372115e+03
2.654223125373729545e+03
2.116369450489776682e+03
1.675265642368306771e+03
1.339980474047683629e+03
1.099533210123527851e+03
9.380868742516058774e+02
8.414728982732918894e+02
7.992801969877311876e+02
8.050555108494569367e+02
8.557146668975170769e+02
9.505843036581006800e+02
1.090287670197109946e+03
1.275730470426289457e+03
1.507449754155851224e+03
1.785236344394512344e+03
2.107470630922042801e+03
2.469657200144192757e+03
2.862021055809730569e+03
3.266229152197745861e+03
3.651518714872546298e+03
3.971320956476757601e+03
4.163522538811759659e+03
4.161059347065889597e+03
3.921048689888290937e+03
