5.732372637054528468e+02
5.780799592135913372e+02
6.061240322310370630e+02
6.608483575285270035e+02
7.528461257474486956e+02
8.974268075706111176e+02
1.113664727191832071e+03
1.419604526285349948e+03
1.819568878332079521e+03
2.283500126955686483e+03
2.734707813992408774e+03
3.079999761615075386e+03
3.277381260841353196e+03
3.356649146493013177e+03
3.367842872218159300e+03
3.343175228695192800e+03
3.298031604876133315e+03
3.240497250008828360e+03
3.176624213154098470e+03
3.112129807002637790e+03
3.052337681640966821e+03
3.001506437566803925e+03
2.962407347006785130e+03
2.936518955428218305e+03
2.924536273378560054e+03
2.926732149707198460e+03
2.942950192836237875e+03
2.972205166654379354e+03
3.011975243502521153e+03
3.057405603516384872e+03
3.100826462680136501e+03
3.132083908595525827e+03
3.139940811743086670e+03
3.114165154689601422e+03
3.047350523045349746e+03
2.935682229771586208e+03
2.778694102330672649e+03
2.578724805069918602e+03
2.340752320109580069e+03
2.072776827141941794e+03
1.786446860459809841e+03
1.497467921914875433e+03
1.225503393855880631e+03
9.931325658552842697e+02
8.219908140128408149e+02
7.244949018048245080e+02
6.979668046449413623e+02
7.315077693751937886e+02
8.172022987347411345e+02
9.528476060148797160e+02
1.138853311937193666e+03
1.374267381530325565e+03
1.653468460843788762e+03
1.964049294448638193e+03
2.285700296535303096e+03
2.589284690496554504e+03
2.837655417723283790e+03
2.993671697204304110e+03
3.035766509313662482e+03
2.967432899957632344e+03
2.809944796648846932e+03
2.588967408677057847e+03
2.328280399967080029e+03
2.049422634026778724e+03
1.771081707725044907e+03
1.506848076210480485e+03
1.265033403759040766e+03
1.052765835669113812e+03
8.810541351102936005e+02
7.662552957947722234e+02
7.249037579839889531e+02
7.644067870953755346e+02
8.805902872490668187e+02
1.064027738394685457e+03
1.302481088689149601e+03
1.577914642550731287e+03
1.866574229091752159e+03
2.145519608500572303e+03
2.400195848093781933e+03
2.624786906973123223e+03
2.814094631937692611e+03
2.954044220686989320e+03
3.020612787072335323e+03
2.991970833163214593e+03
2.864500769915378442e+03
2.656186198701161629e+03
2.396870178581071741e+03
2.118064481468090435e+03
1.846215980331722449e+03
1.597394295906408843e+03
1.376450235279191702e+03
1.182444642542549900e+03
1.016110718031864053e+03
8.854956290160889694e+02
8.073887273973900847e+02
8.026877306152194933e+02
8.860709452805572255e+02
1.057214980705755352e+03
1.301214100241329334e+03
1.592044145182165721e+03
1.895335477626117154e+03
2.176909713240866495e+03
2.415163610371188042e+03
2.606578794422584451e+03
2.759549748933533010e+03
2.881607632728720546e+03
2.968238018362484127e+03
3.000287055342161693e+03
2.953777225485924191e+03
2.817346683731714620e+03
2.602380445015825444e+03
2.337675755776346705e+03
2.057389920030084340e+03
1.790599123632016244e+03
1.553836402723707806e+03
1.349964569477314626e+03
1.174737837463120968e+03
1.025822931667313242e+03
9.089559988355225641e+02
8.393915147580885332e+02
8.385647742033017948e+02
9.252436136150901120e+02
1.104251421951584007e+03
1.361766126567395304e+03
1.668219648413712775e+03
1.983644330930582782e+03
2.268612187144928612e+03
2.498944150762601112e+03
2.672374406835069749e+03
2.801378808590646713e+03
2.898875298716304314e+03
2.966433791690191356e+03
2.990242729291278465e+03
2.947284839374783132e+03
2.820687376255341405e+03
2.613816487217679878e+03
2.350896311047295058e+03
2.066498316982434062e+03
1.793440607957847305e+03
1.552777539575085257e+03
1.349710229361402298e+03
1.179054144631544659e+03
1.035643339764099892e+03
9.219095316704272136e+02
8.500244148655854133e+02
8.398470562165488218e+02
9.123152654806658575e+02
1.078423032569427278e+03
1.330530790906871516e+03
1.641995337790827080e+03
1.971878082315650772e+03
2.275477495879616527e+03
2.521075530554386660e+03
2.701043416510875886e+03
2.827195540784859986e+03
2.915765837874568206e+03
2.974021470498153121e+03
2.994431325962727897e+03
2.957526261251196502e+03
2.843831891891770738e+03
2.649196284018752522e+03
2.391170938566367113e+03
2.102386018138015061e+03
1.818577562921513845e+03
1.566622968987552440e+03
1.356568479768582847e+03
1.184111001447252420e+03
1.041692994369740973e+03
9.281692550793851524e+02
8.521030130927924802e+02
8.306753574566661200e+02
8.850817220971850929e+02
1.031259608186242758e+03
1.269232126106316855e+03
1.578565760872877263e+03
1.920685811006645508e+03
2.247450646786009202e+03
2.518414601969107025e+03
2.717124867834512770e+03
2.851520680477000042e+03
2.939413430745714777e+03
2.993002724500179283e+03
3.011024481796049713e+03
2.979012839632278428e+03
2.877636443505461557e+03
2.696944038842272221e+03
2.446895210707333717e+03
2.155808994535602778e+03
1.860273942665983441e+03
1.592638053317881941e+03
1.369632843336258929e+03
1.190140764663563232e+03
1.045241200788854485e+03
9.302274586295553718e+02
8.497863551030014833e+02
8.177578606150809719e+02
8.540128811287661392e+02
9.774169984630932504e+02
1.195229539598924475e+03
1.495058160753623042e+03
1.843750299327118228e+03
2.192908225497613330e+03
2.494414280488389977e+03
2.720804967148265860e+03
2.872769546527536477e+03
2.967440393568054333e+03
3.020937255902472771e+03
3.037927601694493660e+03
3.009649951339496511e+03
2.919098523495405516e+03
2.752845179002099030e+03
2.513550754560833411e+03
2.223443610105168318e+03
1.917512766238066433e+03
1.631959184956148420e+03
1.391002718362115957e+03
1.199242401202664723e+03
1.048141179732723913e+03
9.297636314727357103e+02
8.447261444873579421e+02
8.031217171400113557e+02
8.224193748569853142e+02
9.224187403117419990e+02
1.116041398239028695e+03
1.399414459136270352e+03
1.747158950062824715e+03
2.114234966276191244e+03
2.447681115876017884e+03
2.708416700292972109e+03
2.886579030635247818e+03
2.995685056212760173e+03
3.054395466325108373e+03
3.072802989761312801e+03
3.048007191752105427e+03
2.966766521257803106e+03
2.814553030513342492e+03
2.588059358713617712e+03
2.302595987454331862e+03
1.989329471583523855e+03
1.685890093913933242e+03
1.423341138609182963e+03
1.214112670429907212e+03
1.052537849390600968e+03
9.283416450298319660e+02
8.380037175939555709e+02
7.876323096953786944e+02
7.916358992546236095e+02
8.691086685485557837e+02
1.036539895032333334e+03
1.297778910621982504e+03
1.636468570441148813e+03
2.014157410807604947e+03
2.377079288955260381e+03
2.676004922342696773e+03
2.888051994824838857e+03
3.019573524644501504e+03
3.089707965884074383e+03
3.113191382167665324e+03
3.092806870844844070e+03
3.019868205512584154e+03
2.880773316890406477e+03
2.668195088113642214e+03
2.390735749005715206e+03
2.074174090303516095e+03
1.754988215982495376e+03
1.469086743748186791e+03
1.237649087475956549e+03
1.060760064221130961e+03
9.275334059170953651e+02
8.305486279746423861e+02
7.717609396906825623e+02
7.621059713159552302e+02
8.187968319978272120e+02
9.598302259575647213e+02
1.195067765788889801e+03
1.517188643280102042e+03
1.896568943394939197e+03
2.282967334579801900e+03
2.620502262796992454e+03
2.872519521145204635e+03
3.034500708341365680e+03
3.123082028950101176e+03
3.156398383114995340e+03
3.142555070220250400e+03
3.077757555431666788e+03
2.950797209097635914e+03
2.752407644268991589e+03
2.485562660391872669e+03
2.169958200057400063e+03
1.838745249952706217e+03
1.529918184675048906e+03
1.272673383961158606e+03
1.075362369074601247e+03
9.291276123129009648e+02
8.234327936150317555e+02
7.559805674595420442e+02
7.339520114971309113e+02
7.719155853511739451e+02
8.876721921835854801e+02
1.094985237368378648e+03
1.394501632616383404e+03
1.766392489208891220e+03
2.167618312126907313e+03
2.540452135525807535e+03
2.836013927741457792e+03
3.035930778562250453e+03
3.150529716228664711e+03
3.199381652049830791e+03
3.195328370651599471e+03
3.139521185254508964e+03
3.024072228389997690e+03
2.839620500810432986e+03
2.585118387192839236e+03
2.274351533920546444e+03
1.935701854997065993e+03
1.606471517557702100e+03
1.321663971881333282e+03
1.099146140850649317e+03
9.352851656254097179e+02
8.180506344822935034e+02
7.410089656522293353e+02
7.073638342697324788e+02
7.285483233990507870e+02
8.209136369219928611e+02
1.000079632709115344e+03
1.272875341426283967e+03
1.628995187893604680e+03
2.034997338540973942e+03
2.436328356603140037e+03
2.775663176492916591e+03
3.019541774381490541e+03
3.167860348850508672e+03
3.238717769196210156e+03
3.248683324284601895e+03
3.203731142331171213e+03
3.099834201894818762e+03
2.928968190563758981e+03
2.687806107874274403e+03
2.385079387823613160e+03
2.043782904367863694e+03
1.698294041147203416e+03
1.386424287461886934e+03
1.135009988532190164e+03
9.485875877232552966e+02
8.162300269471656975e+02
7.279587712054413942e+02
6.828310418754621196e+02
6.887929725227190829e+02
7.598904254992312417e+02
9.119062443258310395e+02
1.155794256979925649e+03
1.489522273729312928e+03
1.890162112716169986e+03
2.310525143539129203e+03
2.690086878303404319e+03
2.981512724424796943e+03
3.170747667374428147e+03
3.270588517134528502e+03
3.299627951040935841e+03
3.268340725268883489e+03
3.176867947967040436e+03
3.019530165321252298e+03
2.792293345657262762e+03
2.500088304961212543e+03
2.160646783984569538e+03
1.804000347994604226e+03
1.467790687352469604e+03
1.185638240608208207e+03
9.719676119683271054e+02
8.202646780621379321e+02
7.183820092349628794e+02
6.612199164551026342e+02
6.529475024421093394e+02
7.047387288645171566e+02
8.312839354708733026e+02
1.045706741436309130e+03
1.352405770426112213e+03
1.738554969260797861e+03
2.167040022323800713e+03
2.579674924543041016e+03
2.918912029511325727e+03
3.154901867784717069e+03
3.290832123426395356e+03
3.344683526865123440e+03
3.330737937927855910e+03
3.253446646379705271e+03
3.110148534928326626e+03
2.897359982884539932e+03
2.617575041333590889e+03
2.283937607756472516e+03
1.921539350588271645e+03
1.565486492268387565e+03
1.253072468570508818e+03
1.008463262884968799e+03
8.328253607420539311e+02
7.142073368668542344e+02
6.437298714789008045e+02
6.215530405370819835e+02
6.555889144377028970e+02
7.585659970713650182e+02
9.441445733003147325e+02
1.221117473319857254e+03
1.585378267734171004e+03
2.010939188632629111e+03
2.446661678640516584e+03
2.830160506010392965e+03
3.116429613199676169e+03
3.295137399477990130e+03
3.380047711600564526e+03
3.387909176349907284e+03
3.327412296275370409e+03
3.199359035515476080e+03
3.001754275468069864e+03
2.735920440381972185e+03
2.411406895132469344e+03
2.048460649445197760e+03
1.678156012822101502e+03
1.338288591987884274e+03
1.060802238611582197e+03
8.567583153082434819e+02
7.176191084408554843e+02
6.318013202238299755e+02
5.953631129802445230e+02
6.126589928015528130e+02
6.938672034996211551e+02
8.519390434769625244e+02
1.098143858371870010e+03
1.435167775476822044e+03
1.847752191821966335e+03
2.294958348255971941e+03
2.715461067648381686e+03
3.052360169869767560e+03
3.279377280214167513e+03
3.401813792535773700e+03
3.436631847687890513e+03
3.396320271993316510e+03
3.285415734850907938e+03
3.104098705000998052e+03
2.853588806240981739e+03
2.540940754599152115e+03
2.182134488676441833e+03
1.803567702546570672e+03
1.440960878973100989e+03
1.130929635492686884e+03
8.948141921121589348e+02
7.309325216970449901e+02
6.270326142124232547e+02
5.752952249668521745e+02
5.762870446578214114e+02
6.372262738024028295e+02
7.694579551117776646e+02
9.851070523188103607e+02
1.291572980237559250e+03
1.682900764327235947e+03
2.129725950260459285e+03
2.576998769016057395e+03
2.961184638032376370e+03
3.240012671981333369e+03
3.406194808063198707e+03
3.473637918777717914e+03
3.457582618346214076e+03
3.366368174935412753e+03
3.202861796019852136e+03
2.969048759148186491e+03
2.670549837833767469e+03
2.319924031777906293e+03
1.938925362638634851e+03
1.559512828064646101e+03
1.219633529655972097e+03
9.493377784827531514e+02
7.564767656508568052e+02
6.311218872440483665e+02
5.623875348739369429e+02
5.469282934122113602e+02
5.886958797860653476e+02
6.967960959622041628e+02
8.829393028746962955e+02
1.157294982528492483e+03
1.521230632288151583e+03
1.956753027216344208e+03
2.418778415348807357e+03
2.843230590050890896e+03
3.174496129925333662e+03
3.389734051162590731e+03
3.495729121865217621e+03
3.508574334112510314e+03
3.440154420305449094e+03
3.296394569918865272e+03
3.080753589585053305e+03
2.798368249026618287e+03
2.459317219491715605e+03
2.081198004509076782e+03
1.691407258951857102e+03
1.326387713506908312e+03
1.021942974497924979e+03
7.964624026926027227e+02
6.458259139737253918e+02
5.577644001673783123e+02
5.251297365051161705e+02
5.483670433223888949e+02
6.338893280372537902e+02
7.920468576376665624e+02
1.034130646922816595e+03
1.366699312999442554e+03
1.781790252249447803e+03
2.246129981242018857e+03
2.700760876924304739e+03
3.081625847763006277e+03
3.349516658381034631e+03
3.499858599510454496e+03
3.546698742167425280e+03
3.504687462496509852e+03
3.383009777025194580e+03
3.187181230152542412e+03
2.922677892001230703e+03
2.598022879380736867e+03
2.227397254830456404e+03
1.833544280100214110e+03
1.449447971385672872e+03
1.113229184511302947e+03
8.528011389323523872e+02
6.729219413660689497e+02
5.626150475448489487e+02
5.115010161683885030e+02
5.163595258447057859e+02
5.805721006285616568e+02
7.124456434410212751e+02
9.230856489954378503e+02
1.222240508142551562e+03
1.609998124987690971e+03
2.065034091143511432e+03
2.537773396691984544e+03
2.961805549992266606e+03
3.283409878227557329e+03
3.483214596090980194e+03
3.569423945940971862e+03
3.557915044864686024e+03
3.461059777260678857e+03
3.286894216463774228e+03
3.041942520669663736e+03
2.734030973174109931e+03
2.374770342955296201e+03
1.982643769600049836e+03
1.586147430860449731e+03
1.222626620867035854e+03
9.268654460771131198e+02
7.141504649629481492e+02
5.781909390882449316e+02
5.067040307628338383e+02
4.928158415434259609e+02
5.366154452286655214e+02
6.438750679433454707e+02
8.245244341067709684e+02
1.089781367521467473e+03
1.445593882386314590e+03
1.881443442090024064e+03
2.359550659189870657e+03
2.817153221236580066e+03
3.190338144163887137e+03
3.443341993250709947e+03
3.574303570823800783e+03
3.597836203375162313e+03
3.528972581673319837e+03
3.378576209354527236e+03
3.154828056122285489e+03
2.865638525204984944e+03
2.520910526735514850e+03
2.135543369042362883e+03
1.733284973469606257e+03
1.348438728446674531e+03
1.019225467758003788e+03
7.711072262774810042e+02
6.058173188738662702e+02
5.114734357475618367e+02
4.779196451761886237e+02
5.017688235246275212e+02
5.858977381552566612e+02
7.383296945988902280e+02
9.703621747018923998e+02
1.291704507555620467e+03
1.700730723179759934e+03
2.172057283372194433e+03
2.651400659740514129e+03
3.070552614738886405e+03
3.378325099532744844e+03
3.559000943189976169e+03
3.622475214865904491e+03
3.585233104758229729e+03
3.461025314981106021e+03
3.260195541548793699e+03
2.991444857739023519e+03
2.663801625334536766e+03
2.289393283835071088e+03
1.887502814893554159e+03
1.488076902097973971e+03
1.129453216713099891e+03
8.450577954357707995e+02
6.468939124835636676e+02
5.266630416436833002e+02
4.719400836250965199e+02
4.758129924408196416e+02
5.379906244415383298e+02
6.640549614762553574e+02
8.643085024325072254e+02
1.150385232866418846e+03
1.527327886584246016e+03
1.981308203911772125e+03
2.469564953259559843e+03
2.925815737387632907e+03
3.287036503418918528e+03
3.521350426620909730e+03
3.629836304786564597e+03
3.628322017469924958e+03
3.533105774499261770e+03
3.357062655346833253e+03
3.110318082916067397e+03
2.801812289548082390e+03
2.441755929950763402e+03
2.045584268778469550e+03
1.638408674916013069e+03
1.256085690231234139e+03
9.366859386927526430e+02
7.028402304405277619e+02
5.532972891609718999e+02
4.752924701351491308e+02
4.586219103627163349e+02
4.996303855548439401e+02
6.010629430785785416e+02
7.714188923354980716e+02
1.022747720444799825e+03
1.364564108827089058e+03
1.792823004961763445e+03
2.277440176299411632e+03
2.759415916875160292e+03
3.169424840976022551e+03
3.459496065560930219e+03
3.617877889825590046e+03
3.656637408648780820e+03
3.593671241374667716e+03
3.444538203341346161e+03
3.221336834556575923e+03
2.933653449550383812e+03
2.590629939909159020e+03
2.204645528345589810e+03
1.796116683183645364e+03
1.396775474128557562e+03
1.045848730587666296e+03
7.749421640141385978e+02
5.925950687773722620e+02
4.886004946587295876e+02
4.502268841172754037e+02
4.703713562220578410e+02
5.486450768935178530e+02
6.911432937882699434e+02
9.091446291803590611e+02
1.214669698578875568e+03
1.611242598131508885e+03
2.081011644825059193e+03
2.575962248666341111e+03
3.026771068025951081e+03
3.372129648215524412e+03
3.584549033197859444e+03
3.668428639025155462e+03
3.641478021523711050e+03
3.521740738822406456e+03
3.323715871118525683e+03
3.058312542075876081e+03
2.734421773458210282e+03
2.362228184620877073e+03
1.957991805823117147e+03
1.548577497191591874e+03
1.171444830746223943e+03
8.640951070498698527e+02
6.459260697460201754e+02
5.127428441672649342e+02
4.508749068857285920e+02
4.499128136293950888e+02
5.061194133469774101e+02
6.227376619736405701e+02
8.093686406926674408e+02
1.078894190218297126e+03
1.440132481309246032e+03
1.885909128779435832e+03
2.380974030334640702e+03
2.861815831235243422e+03
3.258808094106741009e+03
3.527923759763312773e+03
3.661772488718264867e+03
3.675107706473084818e+03
3.587714670839243809e+03
3.416726146420123769e+03
3.174977544091283562e+03
2.871887201726895910e+03
2.516316553977065723e+03
2.121128708698865921e+03
1.708280382814309178e+03
1.311464955233418095e+03
9.705080546005563065e+02
7.146640103511783764e+02
5.488649974404606837e+02
4.610749238732890376e+02
4.381540237035980567e+02
4.729073407940920788e+02
5.653891690415351832e+02
7.228385534672635231e+02
9.576858950390691234e+02
1.281952811481730123e+03
1.696989027818700379e+03
2.180344113040179309e+03
2.678676739398467362e+03
3.120277744180982154e+03
3.446447823618841539e+03
3.634619169600985060e+03
3.692916117738655430e+03
3.641354038041582044e+03
3.499616703927086746e+03
3.282959606759474809e+03
3.002059329543983040e+03
2.665306621628919856e+03
2.283027164270527010e+03
1.872701356774780152e+03
1.463210168585135762e+03
1.093485699971675558e+03
7.999287890516628750e+02
5.983322129555308493e+02
4.816267432331347322e+02
4.352380918096921505e+02
4.485929354642158273e+02
5.183133660046214573e+02
6.487585688209030650e+02
8.508904776562512779e+02
1.138150882464691904e+03
1.518088218542713321e+03
1.979788774172218609e+03
2.482535345884644812e+03
2.958697910321552172e+03
3.339276905513168003e+03
3.584930492119034170e+03
3.693023832042696085e+03
3.681340748675594568e+03
3.571541713286761023e+03
3.381618291335006234e+03
3.124173227641845187e+03
2.807948461232193040e+03
2.441619908393784499e+03
2.038900516399171011e+03
1.623599018084265936e+03
1.231387675210423822e+03
9.022661770833589117e+02
6.625956488046720096e+02
5.136237752034053301e+02
4.415858618969213580e+02
4.329699011446298300e+02
4.808283997458353838e+02
5.862468875788913465e+02
7.579403043965927509e+02
1.009325963917884224e+03
1.351946299734435343e+03
1.784388163259203111e+03
2.279150108284610724e+03
2.777663790817315203e+03
3.206641184283564598e+03
3.510921522363880285e+03
3.673365176220456306e+03
3.706104170926456845e+03
3.631494341227208224e+03
3.470290420283769436e+03
3.237592122335914610e+03
2.943277125669766065e+03
2.595251471243899687e+03
2.204306155172741910e+03
1.789473433003443233e+03
1.381782248977363224e+03
1.021372401939270844e+03
7.429548746566515547e+02
5.584123932767049610e+02
4.579185227428130815e+02
4.260802178203962285e+02
4.524125282126735215e+02
5.344358118580478276e+02
6.780192749010137732e+02
8.954230959526717015e+02
1.200261716445034608e+03
1.598281134351361061e+03
2.074303805616811132e+03
2.581983689573246465e+03
3.050134909753486227e+03
3.411393753857600132e+03
3.631814445011527823e+03
3.713812097205119699e+03
3.678249748020800325e+03
3.548222066490915495e+03
3.341736291384838751e+03
3.070540309302611604e+03
2.742628206949329069e+03
2.366764138304140488e+03
1.957841650859822039e+03
1.541729405760523832e+03
1.155976704314107337e+03
8.402416184522071489e+02
6.174812018410283372e+02
4.852619833564066312e+02
4.282462248359906880e+02
4.327505360753464174e+02
4.925485621719009259e+02
6.101977633862024959e+02
7.959248690310447500e+02
1.063835009660760306e+03
1.424530085479476611e+03
1.873301813249033785e+03
2.377245097197444920e+03
2.872825797162714025e+03
3.286111686154180006e+03
3.566405221999320929e+03
3.702408804689764565e+03
3.710322945172355503e+03
3.614504194045492568e+03
3.436014603930444082e+03
3.189127095342952998e+03
2.882754342374368662e+03
2.524532746037588822e+03
2.126035299805365867e+03
1.708097311387478840e+03
1.303928921296140970e+03
9.545111412574723317e+02
6.922553121383846246e+02
5.249179316048505370e+02
4.400946018011160277e+02
4.217731129521664002e+02
4.599589705654693716e+02
5.535386503533632094e+02
7.100227697984290671e+02
9.427542979893643178e+02
1.265132767633295771e+03
1.680605150667837052e+03
2.169268645852657755e+03
2.679119575079409060e+03
3.136135383260102572e+03
3.475642460171940911e+03
3.669720048126658639e+03
3.725951385051987927e+03
3.668013950398076304e+03
3.519757838469358376e+03
3.298498824366002282e+03
3.014862846106096640e+03
2.676243114205954953e+03
2.291785550387740841e+03
1.877834871562727130e+03
1.462449251136955127e+03
1.084858311496209808e+03
7.838000194868158133e+02
5.783769217352235046e+02
4.625659872750173918e+02
4.196909145485755062e+02
4.362397893003386002e+02
5.071789592189870746e+02
6.367600724169576552e+02
8.365882685758532489e+02
1.121138085481019971e+03
1.499632842981321573e+03
1.963571968280567717e+03
2.474389026756941348e+03
2.964003752766218440e+03
3.358875294650802516e+03
3.613644386207765820e+03
3.723117609682655257e+03
3.707366888122069668e+03
3.592153840362046594e+03
3.398121896425118393e+03
3.138345966661709099e+03
2.820841135405845307e+03
2.453236948687368113e+03
2.048162698109791108e+03
1.628446544385505149e+03
1.229433828483058733e+03
8.924965373387517502e+02
6.471454834327967092e+02
4.968972935349427758e+02
4.270219884218120114e+02
4.212040211215974637e+02
4.703930526910225467e+02
5.751454525252194117e+02
7.445642786225884038e+02
9.928196187007057461e+02
1.332723389196160724e+03
1.764943969581567217e+03
2.264449535557087529e+03
2.773686874996989900e+03
3.216657918435878855e+03
3.532438732744987192e+03
3.699631838576122391e+03
3.730889486481138192e+03
3.652186184768512703e+03
3.487401752507758374e+03
3.252687304756465892e+03
2.957521373817586209e+03
2.608919841247673958e+03
2.216678709862213054e+03
1.798816167062115710e+03
1.385647513116090295e+03
1.017801745205487691e+03
7.324773176568113513e+02
5.445553212696111132e+02
4.446072454599414527e+02
4.149416047440607827e+02
4.426434027896258954e+02
5.242408307372433001e+02
6.657201968583584630e+02
8.798680312534464747e+02
1.181217460492340706e+03
1.577182688669032132e+03
2.055001341702430636e+03
2.570289463712736961e+03
3.050996788081994509e+03
3.425078997836032158e+03
3.653295171148118243e+03
3.736626138241995250e+03
3.698580593826352469e+03
3.565617500065247896e+03
3.357395323787457528e+03
3.085658855189472433e+03
2.757698724532599044e+03
2.381393337734175475e+03
1.970664584960530419e+03
1.550476053720149366e+03
1.158190067481314600e+03
8.350478262793852764e+02
6.070940206746199692e+02
4.736029179571016243e+02
4.178507809476726038e+02
4.236239184359241108e+02
4.832290495699536450e+02
5.990269070900197903e+02
7.815755438898083867e+02
1.045615138702304876e+03
1.403001253270532061e+03
1.851151570472365847e+03
2.359564653906444619e+03
2.865389771130083773e+03
3.291637837681199471e+03
3.582156799198236513e+03
3.722399889738507682e+03
3.729767594038416064e+03
3.631858355253654281e+03
3.451937788619662115e+03
3.204741734007329342e+03
2.898709194165749068e+03
2.540715628728215052e+03
2.141446363260837188e+03
1.720779054156651910e+03
1.311297710497621665e+03
9.546701883890879117e+02
6.859164840618595917e+02
5.154316403101413471e+02
4.306597031320032443e+02
4.132990229643330622e+02
4.514675591682738514e+02
5.434836510946266799e+02
6.969972717914104123e+02
9.257651101852832198e+02
1.244071489604820272e+03
1.657087634046888070e+03
2.147349906646519685e+03
2.664613351492229867e+03
3.133585323436459475e+03
3.484856736673605155e+03
3.685948102949834265e+03
3.743874340896426929e+03
3.684965058414378746e+03
3.535676184548870424e+03
3.314305151146374556e+03
3.031290783722315609e+03
2.693409159054778229e+03
2.309023431590890141e+03
1.893555585011494486e+03
1.474206102384325732e+03
1.090164579777120707e+03
7.819602036157342582e+02
5.716665180981783578e+02
4.544286535999323178e+02
4.119387948723666568e+02
4.285336807982333198e+02
4.981912601519595114e+02
6.250836584134349323e+02
8.210543670214274243e+02
1.101159639424945681e+03
1.475923115307558191e+03
1.939045877147016654e+03
2.454290520505406676e+03
2.953910816925061226e+03
3.361010236616809834e+03
3.625150180294563143e+03
3.738763996038379901e+03
3.723483501925966721e+03
3.607800609181632808e+03
3.413865930598456544e+03
3.154919787522255774e+03
2.838532419743165974e+03
2.471667085038061487e+03
2.066114130709392157e+03
1.643766884911576653e+03
1.239433457913022039e+03
8.953839973257315705e+02
6.438245544666974638e+02
4.905167563947753138e+02
4.201467103414609028e+02
4.142655451719979851e+02
4.624094288348479722e+02
5.647845383743087950e+02
7.305790630659973885e+02
9.743087374565384380e+02
1.309695973568334466e+03
1.739227378122197251e+03
2.240336771671121824e+03
2.756999786415978633e+03
3.211550594158685271e+03
3.538347751775873803e+03
3.712144130209719151e+03
3.745642297667746789e+03
3.667267359592888624e+03
3.502857095234096050e+03
3.269143191750191363e+03
2.975372839449213643e+03
2.628023141087586282e+03
2.236158850526333026e+03
1.816887193003996117e+03
1.399706573535375355e+03
1.025371062530643485e+03
7.330715732041916226e+02
5.404899966879363546e+02
4.388715625495241284e+02
4.088002699861551150e+02
4.356040657245711145e+02
5.151290759959433672e+02
6.532876053285926901e+02
8.630315854281735710e+02
1.159476670519519303e+03
1.551425601795849843e+03
2.028407250785471206e+03
2.548269877666818502e+03
3.038926773836887605e+03
3.424726571206240806e+03
3.661763861440279925e+03
3.749371439817023656e+03
3.712744890108898744e+03
3.580561901693740765e+03
3.373513432218952403e+03
3.103379564034052237e+03
2.777056658616884761e+03
2.401810234060754738e+03
1.990733445583743105e+03
1.567863722178667558e+03
1.170129231590489781e+03
8.398947445852197689e+02
6.059452095285034829e+02
4.693889994853090570e+02
4.126071875001051694e+02
4.174896388046893776e+02
4.752875234888963405e+02
5.880945284615074797e+02
7.664905592555501244e+02
1.025539152185782086e+03
1.378074556796079605e+03
1.823449540467644965e+03
2.333643904718569502e+03
2.847072024069324470e+03
3.284689752327012229e+03
3.585707473549721271e+03
3.732383634728545076e+03
3.742578558862789578e+03
3.646048838720281310e+03
3.467523150269321832e+03
3.222097220594304417e+03
2.917987549629546720e+03
2.561581639003409691e+03
2.162847473566705048e+03
1.740743506927247608e+03
1.327084008015680183e+03
9.638499603320344704e+02
6.882405352232153746e+02
5.132315644938271362e+02
4.265090494401753176e+02
4.080693839932389437e+02
4.446211116193904900e+02
5.339683070725544667e+02
6.836517288483053107e+02
9.075543073977719359e+02
1.220584912079618789e+03
1.629420109299081787e+03
2.118978969962668543e+03
2.641119847028551703e+03
3.120121968408102475e+03
3.482765578163540340e+03
3.692339850238397048e+03
3.754789801946189982e+03
3.698111633379009618e+03
3.550538974503152076e+03
3.331100576167621057e+03
3.050223389870011943e+03
2.714329746693209927e+03
2.331189017404873084e+03
1.915380806251119111e+03
1.493186227391580360e+03
1.103485474836023968e+03
7.881670131672165098e+02
5.720418980372088527e+02
4.516779446208638547e+02
4.076727617923413618e+02
4.227256656728148414e+02
4.899986471689403515e+02
6.134094519896938209e+02
8.047775101617475002e+02
1.079498077882639564e+03
1.449172973683183272e+03
1.909567859988384043e+03
2.426920715434263002e+03
2.934448538471129268e+03
3.352827145737825958e+03
3.627112751990895504e+03
3.747130921671955093e+03
3.735223091636443314e+03
3.621735016968147647e+03
3.429929494524208621e+03
3.173292808477690414e+03
2.859192419529374547e+03
2.494126170152763279e+03
2.089155258409966791e+03
1.665236772387043175e+03
1.256471097079850779e+03
9.056534958614975039e+02
6.473321010356252145e+02
4.895862691855238609e+02
4.169847737315662357e+02
4.094729689615816142e+02
4.554496423415226900e+02
5.546831893829029241e+02
7.162137317236530407e+02
9.546765054059743534e+02
1.284492195488523521e+03
1.709789575853638780e+03
2.210468794109316150e+03
2.732440163049222519e+03
3.197199477376911091e+03
3.535139729406746483e+03
3.717218404401885437e+03
3.755516722186214338e+03
3.680028725171564474e+03
3.518022899812076957e+03
3.286779919770493507e+03
2.995521865748667096e+03
2.650393428966571719e+03
2.259859013927989508e+03
1.840156010498193154e+03
1.419876757296256301e+03
1.039616778660558793e+03
7.401656315321019974e+02
5.418880070267837255e+02
4.370554264533701598e+02
4.050509484668819482e+02
4.298048959802275135e+02
5.064914548090049493e+02
6.407535282521165527e+02
8.454970490733837778e+02
1.136222743312452849e+03
1.522935070135260958e+03
1.997361484979109719e+03
2.519789264446749712e+03
3.018753227890094877e+03
3.415822407542708788e+03
3.662763057605924132e+03
3.756816235944197615e+03
3.724026019225745586e+03
3.594651616539614224e+03
3.390259324719852430e+03
3.122817544319205354e+03
2.799032762337040367e+03
2.425703985407099026e+03
2.015166449296998508e+03
1.590503305370484895e+03
1.188017922000067301e+03
8.508342659667239332e+02
6.102087973973652879e+02
4.692708330082804196e+02
4.099992663791852010e+02
4.128095445185097105e+02
4.680091647688541343e+02
5.772799021128993218e+02
7.510265576083298811e+02
1.004453107078940889e+03
1.351191239212701475e+03
1.792386265118141637e+03
2.302551355896392579e+03
2.821821480632313069e+03
3.269890388054411687e+03
3.581898195884754386e+03
3.736736671828958606e+03
3.751987870606930301e+03
3.658851678635548978e+03
3.483230471864574156e+03
3.240660240476420313e+03
2.939327647364338191e+03
2.585289728450675739e+03
2.187889111718039203e+03
1.765180206124632605e+03
1.348097363318775024e+03
9.786422025536589899e+02
6.958468671310316722e+02
5.152618049006389356e+02
4.252306783262172303e+02
4.045118316151565523e+02
4.386148191099720179e+02
5.247500529655686705e+02
6.701696467555748313e+02
8.887118209851488473e+02
1.195741601826632632e+03
1.599279745014311175e+03
2.086575071610279792e+03
2.611850065221257864e+03
3.099624811526139183e+03
3.473575815775581304e+03
3.692878905334252067e+03
3.761836638796902662e+03
3.709363028403101453e+03
3.565050457185161576e+03
3.348646935214317637e+03
3.070735562798106457e+03
2.737549073194554239e+03
2.356370861836338008e+03
1.940983188935959788e+03
1.516699780636901323e+03
1.121884356122322515e+03
7.994364898292079715e+02
5.767256534574519264e+02
4.520210766756190424e+02
4.053028926513181318e+02
4.179331342482825562e+02
4.822579809060080152e+02
6.017865164902123070e+02
7.881524630275256413e+02
1.056935814364446514e+03
1.420656245321391452e+03
1.877030247211179585e+03
2.394871336667473315e+03
2.908853732895004669e+03
3.337961252458188483e+03
3.623127069014769404e+03
3.751225967259116715e+03
3.744583830690202831e+03
3.634866049319629838e+03
3.446325548892593815e+03
3.192821556010181666e+03
2.881683714525810501e+03
2.519064655208191652e+03
2.115362276033154558e+03
1.690593964763673284e+03
1.278024357539863558e+03
9.206771599916656896e+02
6.551526593486203183e+02
4.919446492383087275e+02
4.159476000749924083e+02
4.058770745521390495e+02
4.490845111395890399e+02
5.447836180587366925e+02
7.017132637086258455e+02
9.344859064037694907e+02
1.258070895167672461e+03
1.678098462044740700e+03
2.176919630424691604e+03
2.702688461855152582e+03
3.176725366840677907e+03
3.526031250700921646e+03
3.717698452458267639e+03
3.762556535324456490e+03
3.691548072932677769e+03
3.533128119334692201e+03
3.305192841981483070e+03
3.017096594676176210e+03
2.674781517210166385e+03
2.286192731304437075e+03
1.866724903375557005e+03
1.443999736818484280e+03
1.058233246986680797e+03
7.514893861844855110e+02
5.467280690869459931e+02
4.375915235068223410e+02
4.026899294245854435e+02
4.247408746420445596e+02
4.981826389707747467e+02
6.282466009350556533e+02
8.276589815973751456e+02
1.112169794788494528e+03
1.492839974845401912e+03
1.963508486918467725e+03
2.487047430839119443e+03
2.993134447115819057e+03
3.401219765763400574e+03
3.658947440700067546e+03
3.761008519386067746e+03
3.733636241917764892e+03
3.608302425299290007e+03
3.407433748693720645e+03
3.143324834306456523e+03
2.822628577384240089e+03
2.451770529321545382e+03
2.042375893873577752e+03
1.616555368710528910e+03
1.209843181718517599e+03
8.658265547277679843e+02
6.180072970794407183e+02
4.717213901075637068e+02
4.089829024414692640e+02
4.090107590022576005e+02
4.611743245526124610e+02
5.666196363514584391e+02
7.354483034086288171e+02
9.828816793390161592e+02
1.323211652742682190e+03
1.759253209249696283e+03
2.268074142439783373e+03
2.791881531156007895e+03
3.249747889189189664e+03
3.573177020429964159e+03
3.737473013044092568e+03
3.759308283665283398e+03
3.670843853917219349e+03
3.499039486647408921e+03
3.259973941837910388e+03
2.961941838353900039e+03
2.610772840957380595e+03
2.215246722709428468e+03
1.792527573969423202e+03
1.372590143694038261e+03
9.972241680756176265e+02
7.070023922192691543e+02
5.200518474268334330e+02
4.257561104595099550e+02
4.019932201632329907e+02
4.331636290041744815e+02
5.157908259850689774e+02
6.567149456663266847e+02
8.696159120502936730e+02
1.170190811034202397e+03
1.567671139837941837e+03
2.051574548120869167e+03
2.578677098460632351e+03
3.074276863221713484e+03
3.459518667684517823e+03
3.689511862580754041e+03
3.766394242911605033e+03
3.719433362266115182e+03
3.579347955773642752e+03
3.366652729627307053e+03
3.092218474251444604e+03
2.762199726640360041e+03
2.383467555325125431e+03
1.969041893505480402e+03
1.543238037541714675e+03
1.143743409617600037e+03
8.141790357889947245e+02
5.843161242606175847e+02
4.543821589527627225e+02
4.041444113768092734e+02
4.138118095945217192e+02
4.748686052248202714e+02
5.902993482102341432e+02
7.714441907329842252e+02
1.033957145470651767e+03
1.391146931833405461e+03
1.842574890746005394e+03
2.359687986483526402e+03
2.879005404049742992e+03
3.318422716547568598e+03
3.615044811711564307e+03
3.752462070480548846e+03
3.752393081274470205e+03
3.647470462478378522e+03
3.462907669622059075e+03
3.213050511187784650e+03
2.905307935809751143e+03
2.545570395064645254e+03
2.143621888621404196e+03
1.718542900493166144e+03
1.302667900572394274e+03
9.390076538103119219e+02
6.659620568856298632e+02
4.965248232831464748e+02
4.163092424700917604e+02
4.030792519535635847e+02
4.431589325039062714e+02
5.351064775004683725e+02
6.872545339896593077e+02
9.140928546933564576e+02
1.231022564181824009e+03
1.645052062234823552e+03
2.140948967249027646e+03
2.669342077702320694e+03
3.151917656165286644e+03
3.512757880695355198e+03
3.714999662378110770e+03
3.767677888668142714e+03
3.702225124826028605e+03
3.548155256505892339e+03
3.324059518063194901e+03
3.039542783024600340e+03
2.700436052783515152e+03
2.314224980111909645e+03
1.895486713448795854e+03
1.470829013700421001e+03
1.079913800232871608e+03
7.658023544537467160e+02
5.539659415727957139e+02
4.397248969272901036e+02
4.012691996123507465e+02
4.202078187316117237e+02
4.901705046212636603e+02
6.158745494005869432e+02
8.097735212176186224e+02
1.087763511679533394e+03
1.461839214344158790e+03
1.927862188473473452e+03
2.451384209446346176e+03
2.963642846974294571e+03
3.382522655298208065e+03
3.651707037475734523e+03
3.762928238919874275e+03
3.742082180543872255e+03
3.621612505167202471e+03
3.424831364826150093e+03
3.164471157882923762e+03
2.847229788896372611e+03
2.479227639097550764e+03
2.071419738185570623e+03
1.644937314808616065e+03
1.234436171782389692e+03
8.837199264737224667e+02
6.283304936078880019e+02
4.759696010797590588e+02
4.090666836724194013e+02
4.058436672776223304e+02
4.547057051350998904e+02
5.561663214220698137e+02
7.199342503618886440e+02
9.611570262371291165e+02
1.294674137540194806e+03
1.724856611847726299e+03
2.231320363642040775e+03
2.758614589164242261e+03
3.225724037011780183e+03
3.560884937882629401e+03
3.735611556165091770e+03
3.765136769600595926e+03
3.682227724382012184e+03
3.514849335086581959e+03
3.279715840053788725e+03
2.985333186778061645e+03
2.637379647586446026e+03
2.244122007673161534e+03
1.821851133232287111e+03
1.399526431493363589e+03
1.018537388598668826e+03
7.207398629862560711e+02
5.268267977193748948e+02
4.275580980545929606e+02
4.002214668330427685e+02
4.281500805158513572e+02
5.070982325256799186e+02
6.434052326111414004e+02
8.505100782967857640e+02
1.144342847775247037e+03
1.535227938018786062e+03
2.014880959066301557e+03
2.542763648440113684e+03
3.045390900632702142e+03
3.441866669342986825e+03
3.683272882739324359e+03
3.769132514384893511e+03
3.728618408832518980e+03
3.593424984538325589e+03
3.384890389603582662e+03
3.114276426620955135e+03
2.787742652063157493e+03
2.411805335903963623e+03
1.998754626144410167e+03
1.571890791765854829e+03
1.168100509928667407e+03
8.314781959044189534e+02
5.940452855245158617e+02
4.582069666333495093e+02
4.038660022445336040e+02
4.102072621922335429e+02
4.678002814709358859e+02
5.790173534922622594e+02
7.548270176522805741e+02
1.010871194665207213e+03
1.361137491129868749e+03
1.806928471180325005e+03
2.322347350317872042e+03
2.846064116268606540e+03
3.295399997819837154e+03
3.603893804343254033e+03
3.751563949595018585e+03
3.759029143040173949e+03
3.659627756489083367e+03
3.479533021966919932e+03
3.233672088429692849e+03
2.929622625791395876e+03
2.573077227491083249e+03
2.173248557025883201e+03
1.748289944785147782e+03
1.329536905805500965e+03
9.597866589433672289e+02
6.790082107064077945e+02
5.027548624829564119e+02
4.177033599978076381e+02
4.008902332052053907e+02
4.376096355034549674e+02
5.256822972499986690e+02
6.729577466327025377e+02
8.937270208841111980e+02
1.203725764863470204e+03
1.611227179879062533e+03
2.103364245106828548e+03
2.633409883126137629e+03
3.123868342367927653e+03
3.496322043349918204e+03
3.709883375880604490e+03
3.771330055094680120e+03
3.712217929655021635e+03
3.563038164851815054e+03
3.343149911521171362e+03
3.062501506444129518e+03
2.726883766991951688e+03
2.343372552642075789e+03
1.925754009547303895e+03
1.499595402450957181e+03
1.103864760969923054e+03
7.823766572228788618e+02
5.630207116092710748e+02
4.430595756330493487e+02
4.005664678431807602e+02
4.161125003631360073e+02
4.824534081012519096e+02
6.037149176100933801e+02
7.920081711916660652e+02
1.063291639232296120e+03
1.430384995393432519e+03
1.891079795495560575e+03
2.413661292170716024e+03
2.931264598867905988e+03
3.360691477816571478e+03
3.641822254843114479e+03
3.763083268747594047e+03
3.749593248148697512e+03
3.634585932049621533e+03
3.442291272666899204e+03
3.185970346056022663e+03
2.872443416487052673e+03
2.507581320285848960e+03
2.101705901548747988e+03
1.674971427060004316e+03
1.261072596524521714e+03
9.038188972112750434e+02
6.405962802687334943e+02
4.815960661264268765e+02
4.099974613382699999e+02
4.031869672614386104e+02
4.485741364485743929e+02
5.459634213206558115e+02
7.046032666566819671e+02
9.394951307274615147e+02
1.265929074560711115e+03
1.689723536842236626e+03
2.193012983055162294e+03
2.722894958057965596e+03
3.198722718969577272e+03
3.545804991981775856e+03
3.731705821993935388e+03
3.769766637470518162e+03
3.693072167604455899e+03
3.530561614129573627e+03
3.299663737854095416e+03
3.009178332443689669e+03
2.664693704060396612e+03
2.274007533371269801e+03
1.852558561027296719e+03
1.428253558173441206e+03
1.041926786772671221e+03
7.364833299495722940e+02
5.351501202304966682e+02
4.303555675161401268e+02
3.990484327730418386e+02
4.235205356693490444e+02
4.986879453332692833e+02
6.303211745460768043e+02
8.315539450913308883e+02
1.118466079388334947e+03
1.502367019294280226e+03
1.977090349177864027e+03
2.504869934127689703e+03
3.013801835837621184e+03
3.421390262299339156e+03
3.674748026868255693e+03
3.770400599933389458e+03
3.737046943881207426e+03
3.607240394466261932e+03
3.403194614706464108e+03
3.136646748863502125e+03
2.813828760295937172e+03
2.440951298553679862e+03
2.029607199436291694e+03
1.602076578607606507e+03
1.194347929097360293e+03
8.507718621586541303e+02
6.054653695642582534e+02
4.631901842714441386e+02
4.042938122334526270e+02
4.070432674946160887e+02
4.610453651232473362e+02
5.679909164604292755e+02
7.384164392825423420e+02
9.878810489237039292e+02
1.330953419855728271e+03
1.770574267516724376e+03
2.283497483479767652e+03
2.810785771431025751e+03
3.269636692245337144e+03
3.590279755948976799e+03
3.748927927691470359e+03
3.764675854914385127e+03
3.671349821796068682e+03
3.496087580561008963e+03
3.254476924237748790e+03
2.954337275765036338e+03
2.601217515230481240e+03
2.203798476884034244e+03
1.779322114107534389e+03
1.358075902227415099e+03
9.824740829539049400e+02
6.938378774227205668e+02
5.103092329807979013e+02
4.199318180240832135e+02
3.992123059863145613e+02
4.324087064241162466e+02
5.165370774628776189e+02
6.589038127359998498e+02
8.735399879706407091e+02
1.176431542275309994e+03
1.577009608509501277e+03
2.064707206049186425e+03
2.595561890579009741e+03
3.093280859442381825e+03
3.477336476774402399e+03
3.702784012541977972e+03
3.773746848921462970e+03
3.721587861178615185e+03
3.577709669868190304e+03
3.362301943476236829e+03
3.085733381967999776e+03
2.753814015707642739e+03
2.373254307804464133e+03
1.957077906787689244e+03
1.529798059785871146e+03
1.129575979772023402e+03
8.007599426553921376e+02
5.735505692447600268e+02
4.473750528514157168e+02
4.004632417144230772e+02
4.124086876991783015e+02
4.750372557805112592e+02
5.918213662945817077e+02
7.744741092017642359e+02
1.038945456439897271e+03
1.398780887913854031e+03
1.853605772539478039e+03
2.374459743831773267e+03
2.896650981573821809e+03
3.336333452406627657e+03
3.629756296113920598e+03
3.761751921317654705e+03
3.756277062348836807e+03
3.647198902730201553e+03
3.459693832266685149e+03
3.207627887345842737e+03
2.898008552549824799e+03
2.536505764609411926e+03
2.132844232652564642e+03
1.706211406655880410e+03
1.289278818907407867e+03
9.256794098653430183e+02
6.544505182413489592e+02
4.883601239620244883e+02
4.116366263961488698e+02
4.009772574391987519e+02
4.427684463238530270e+02
5.360428865366307036e+02
6.895348994745817208e+02
9.180398516066356933e+02
1.237212157263915060e+03
1.654212306446309867e+03
2.153645102331536691e+03
2.685311950827277997e+03
3.169333023217741811e+03
3.528419603801473841e+03
3.726072781258430496e+03
3.773348560755825929e+03
3.703393970528101818e+03
3.546095284369207093e+03
3.319662821133763828e+03
3.033259843808856203e+03
2.692437811143672207e+03
2.304566116308226356e+03
1.884256054405708255e+03
1.458338799140316951e+03
1.066964567785592635e+03
7.538709826356104031e+02
5.447632235392046596e+02
4.339906226610665385e+02
3.983941761257161147e+02
4.192487608824016547e+02
4.905743071770708070e+02
6.175175090835509764e+02
8.128540623354621175e+02
1.092741171072970246e+03
1.469372630846228731e+03
1.938612499501616639e+03
2.465516630355029065e+03
2.980068238941473282e+03
3.398580983795610337e+03
3.664286760338220120e+03
3.770388929416129486e+03
3.744774020083685173e+03
3.620748739156660122e+03
3.421446063298318677e+03
3.159150152778779557e+03
2.840223438969855124e+03
2.470615475937788688e+03
2.061254911149525014e+03
1.633405580357883309e+03
1.222081544399092763e+03
8.716965883208571313e+02
6.183020925183221834e+02
4.691555939961754120e+02
4.053317255183830525e+02
4.042797835725447726e+02
4.546035497500294582e+02
5.572551812292122122e+02
7.222897995390848109e+02
9.651234135518204766e+02
1.300816881092593349e+03
1.733846185342868239e+03
2.243587526000355865e+03
2.773687114854121774e+03
3.241622538808308946e+03
3.574578023859560290e+03
3.744780734765861780e+03
3.769424477171412491e+03
3.682624467457092578e+03
3.512484085240218519e+03
3.275319396892646637e+03
2.979254575563639264e+03
2.629743052789786361e+03
2.234971901308554607e+03
1.811292363539391317e+03
1.387910226381711254e+03
1.006712134551532131e+03
7.101639512056101466e+02
5.189943016372484408e+02
4.228826100059699229e+02
3.979923199047864841e+02
4.275432456099296701e+02
5.076902885535355949e+02
6.451472423551566635e+02
8.536337384264675165e+02
1.149311146463131308e+03
1.542666534204206982e+03
2.025356363091740832e+03
2.556263935214366938e+03
3.060631514030479138e+03
3.456195013798307173e+03
3.693960949589531992e+03
3.775053815546858914e+03
3.730354157464061245e+03
3.592111913852147609e+03
3.381399947235101990e+03
3.109073831471509493e+03
2.781015350248296727e+03
2.403611017793811698e+03
1.989152392441641723e+03
1.561095389228671365e+03
1.156702885066015597e+03
8.206566379582700392e+02
5.853452818349917379e+02
4.525436524638514584e+02
4.008935935661842791e+02
4.090722401997383031e+02
4.679287296545784898e+02
5.802304993150203245e+02
7.572461074991892929e+02
1.014855207459005555e+03
1.367237170288669176e+03
1.815752166455438555e+03
2.334188613775374051e+03
2.860253229921753245e+03
3.309852205569065973e+03
3.615797155631322767e+03
3.759092184558822737e+03
3.762182851101424149e+03
3.659420886455292020e+03
3.476950302539239146e+03
3.229308039311532866e+03
2.923746026118651571e+03
2.565777864319951732e+03
2.164566975676081256e+03
1.738350169454893830e+03
1.318730103717312431e+03
9.490035263790548470e+02
6.696676090691393028e+02
4.961184544604301436e+02
4.139055653050063484e+02
3.991799715831680260e+02
4.372845949005150032e+02
5.264271637162821662e+02
6.747826908219698225e+02
8.968888782898155796e+02
1.208686369773293109e+03
1.618574986028253079e+03
2.113566772270882211e+03
2.646281280043595871e+03
3.137958266244760580e+03
3.509040538584516526e+03
3.718901047986980302e+03
3.775960629640650495e+03
3.713188360925610141e+03
3.561386101148860689e+03
3.339602904904893876e+03
3.057426893780657338e+03
2.720420824447899122e+03
2.335564937336562252e+03
1.916670710695923617e+03
1.489482072121065812e+03
1.093357578355291025e+03
7.726644534186426654e+02
5.555069119169540954e+02
4.383718362354048281e+02
3.982141206325730423e+02
4.153214197922358153e+02
4.827684117911497310e+02
6.050312220207418932e+02
7.944825533327542644e+02
1.067292644724792808e+03
1.436444629260788588e+03
1.899739716373350348e+03
2.425075905683157544e+03
2.944582053147250008e+03
3.373768099500990502e+03
3.652106337743170116e+03
3.769203608642288600e+03
3.751819488825857661e+03
3.633908363554757216e+03
3.439557383526379908e+03
3.181660747688450556e+03
2.866763701023307931e+03
2.500596479977154104e+03
2.093457447058105117e+03
1.665605113170802269e+03
1.251019937552560577e+03
8.940058289731294963e+02
6.323802737352068561e+02
4.759984940329280221e+02
4.069252580898448741e+02
4.018951032229200564e+02
4.484766319054718906e+02
5.468341718856190710e+02
7.064992920702503625e+02
9.426920798546983633e+02
1.270883665078800959e+03
1.696982812171195292e+03
2.202941353566435737e+03
2.735137799033621377e+03
3.211696188075865848e+03
3.557031893404979655e+03
3.739255902056900140e+03
3.773318759664510253e+03
3.693431188702813870e+03
3.528655792723872764e+03
3.296095642987917017e+03
3.004236295643533595e+03
2.658480442559964558e+03
2.266558748726371505e+03
1.843956289799628166e+03
1.418775851532420575e+03
1.032252367423588566e+03
7.277962158553415293e+02
5.286911979296330628e+02
4.264911345580343891e+02
3.972007332519595479e+02
4.230072223448147497e+02
4.991557159833008654e+02
6.317247525751871535e+02
8.340778501500714128e+02
1.122484119130703220e+03
1.508388673277011321e+03
1.985586010886433542e+03
2.515853978261352040e+03
3.026258523639206032e+03
3.433163027488475564e+03
3.683574650271761129e+03
3.775318298242454603e+03
3.738516454372044336e+03
3.606196979500314683e+03
3.400359627343012562e+03
3.132406391407735555e+03
2.808339127442223344e+03
2.434260100176711603e+03
2.021760790969752634e+03
1.593244555089727555e+03
1.185001968499038185e+03
8.418644292592766760e+02
5.982707213907143569e+02
4.584900173284388529e+02
4.018203549533244541e+02
4.060903125329644467e+02
4.611334082704165667e+02
5.689670157551682905e+02
7.403748640337299776e+02
9.911112445923683936e+02
1.335903419937862736e+03
1.777745455265140208e+03
2.293147450433428276e+03
2.822398492524490848e+03
3.281529261976679663e+03
3.600131410909025362e+03
3.755195132627353360e+03
3.767329823556820429e+03
3.671221418679361250e+03
3.493993907747129469e+03
3.250913511248118539e+03
2.949528999552365804e+03
2.595239708662672911e+03
2.196683676973827460e+03
1.771168001199107948e+03
1.349194029118462822e+03
9.735818962457339012e+02
6.860977175939791550e+02
5.047837298299074291e+02
4.167593460217259462e+02
3.977761010323166033e+02
4.321214451929894267e+02
5.171315812050854674e+02
6.603827205916193179e+02
8.761094591345547542e+02
1.180466993563499045e+03
1.582994256563765703e+03
2.073035659603539443e+03
2.606108944149010313e+03
3.104887997068119603e+03
3.487878610472611399e+03
3.710305918998378274e+03
3.777641553588709485e+03
3.722441350744439660e+03
3.576383130308916407e+03
3.359403645459402014e+03
3.081571815070412867e+03
2.748506758065019312e+03
2.366837712534779257e+03
1.949606313895697895e+03
1.521466664383522357e+03
1.120895763504938486e+03
7.926995019025562215e+02
5.672801908851427015e+02
4.434459070159887801e+02
3.984834349083203620e+02
4.117317329172228710e+02
4.752782184023499781e+02
5.928871169185665622e+02
7.764886255441851972e+02
1.042207902489696608e+03
1.403727262636277374e+03
1.860687483329674706e+03
2.383824460650929723e+03
2.907631096205447193e+03
3.347182883352008048e+03
3.638346780227032013e+03
3.766903338438076389e+03
3.758185290558747511e+03
3.646682842399249239e+03
3.457463287608869905e+03
3.204087715644805485e+03
2.893332921047116088e+03
2.530749904176299424e+03
2.126041348875523454e+03
1.698477007071205890e+03
1.280958655986075200e+03
9.175245637712852158e+02
6.475837345660928577e+02
4.836559474705526895e+02
4.090437624691646192e+02
3.998775484252664683e+02
4.426666988883866338e+02
5.367439963218504317e+02
6.910801802309293862e+02
9.206522517989781136e+02
1.241265475860327115e+03
1.660159727660555973e+03
2.161801083674008623e+03
2.695413769626140493e+03
3.180103179311355234e+03
3.537805930975499905e+03
3.732433174267850518e+03
3.776376536087604563e+03
3.703747086001346815e+03
3.544550888182255676e+03
3.316729673993508186e+03
3.029182841999316224e+03
2.687304833595107993e+03
2.298406879677201687e+03
1.877135481320654890e+03
1.450479144268280606e+03
1.058914467831982165e+03
7.466031277260625529e+02
5.393253810168118889e+02
4.307204758308037640e+02
3.968214342165299513e+02
4.187979624303773107e+02
4.909427429399741527e+02
6.186609061330493660e+02
8.149201465053149605e+02
1.096035409457865171e+03
1.474315727062453789e+03
1.945601519067591425e+03
2.474587047369044285e+03
2.990413266299063253e+03
3.408427834951157820e+03
3.671727279500320037e+03
3.774574610421155739e+03
3.746064782398481839e+03
3.619925227231257850e+03
3.419118076901390850e+03
3.155646414679548343e+03
2.835677820586603048e+03
2.465068920616306968e+03
2.054744412783466032e+03
1.626066344019485996e+03
1.214293767797139026e+03
8.642385044417335394e+02
6.122385197737330600e+02
4.651698307065029780e+02
4.032231467386181407e+02
4.034562802711064933e+02
4.546554443228271225e+02
5.580473032081141582e+02
7.238947750818178974e+02
9.677770545163875795e+02
1.304888399732745484e+03
1.739754885975205298e+03
2.251563633043559093e+03
2.783334321436058872e+03
3.251570493171399903e+03
3.582884756686153196e+03
3.750112843557444194e+03
3.771720833059167944e+03
3.682572033085956718e+03
3.510773329001843649e+03
3.272372763654628216e+03
2.975265204544759854e+03
2.624776220663360618e+03
2.229054493040291618e+03
1.804502083385599690e+03
1.380497560905429964e+03
9.992608100738681287e+02
7.036372405645221306e+02
5.143022621541944090e+02
4.201730738619435783e+02
3.967556361377477856e+02
4.272790502728466890e+02
5.081662953320674774e+02
6.463591206611968119e+02
8.557482078193407915e+02
1.152637016558138839e+03
1.547605951919272229e+03
2.032247683397192759e+03
2.565029227790631467e+03
3.070339845030634024e+03
3.465082948750915421e+03
3.700359104312324689e+03
3.778407528516366256e+03
3.731134980438887851e+03
3.591045381563797946e+03
3.379004994987107239e+03
3.105615720498807605e+03
2.776596154485937859e+03
2.398262069824713308e+03
1.982917063034562943e+03
1.554130200279209021e+03
1.149422196382867469e+03
8.138578880156428568e+02
5.800174189484695262e+02
4.491825329127905775e+02
3.991890361505226679e+02
4.084765098311891052e+02
4.681091399023954978e+02
5.811015438130696111e+02
7.589058470116100352e+02
1.017549065174001498e+03
1.371326935906987956e+03
1.821619323106706361e+03
2.341975515527882635e+03
2.869436009128980004e+03
3.318995621887988818e+03
3.623101423671282646e+03
3.763518940862501950e+03
3.763863742700038529e+03
3.659040496129089206e+03
3.475113810566277152e+03
3.226363869333740240e+03
2.919845423116348229e+03
2.560969236058188926e+03
2.158877485383275598e+03
1.731872204216692580e+03
1.311743250143399337e+03
9.421229860324848460e+02
6.638325642993778501e+02
4.920904658679310728e+02
4.116710425024172650e+02
3.982213237213011325e+02
4.371755608193375906e+02
5.269951460931340534e+02
6.760560839910988307e+02
8.990495541286310299e+02
1.212043816772034461e+03
1.623509471978059764e+03
2.120353647331281536e+03
2.654729308866209522e+03
3.147029948270067052e+03
3.517016358875288461e+03
3.724360050382712416e+03
3.778600764069707111e+03
3.713549054090799928e+03
3.560128273533299307e+03
3.337164507146053893e+03
3.054020624908823265e+03
2.716123897418391152e+03
2.330402869935892340e+03
1.910695443604208094e+03
1.482872843893750087e+03
1.086562000689102206e+03
7.664897484820486397e+02
5.508495326168701922e+02
4.355507151593972139e+02
3.968464519823006071e+02
4.149145567281244666e+02
4.830574844731824555e+02
6.059718268290773722e+02
7.961934696142436678e+02
1.070026136363399246e+03
1.440552267450286763e+03
1.905561138706803604e+03
2.432662586924514471e+03
2.953290842635551144e+03
3.382127997570468779e+03
3.658485526296779881e+03
3.772837482057041143e+03
3.752984246004144097e+03
3.633263402209091964e+03
3.437627189966570313e+03
3.178730855757544759e+03
2.862951648107911751e+03
2.495938460287102316e+03
2.087983485632742486e+03
1.659423952526891298e+03
1.244440785279236025e+03
8.876705773803057582e+02
6.271886463921879340e+02
4.725579814928271958e+02
4.050919677509379540e+02
4.011672032249734912e+02
4.484977216426491964e+02
5.474819006147997698e+02
7.078289458081931116e+02
9.448975257335889637e+02
1.274272582790911201e+03
1.701910170852078409e+03
2.209615383121108607e+03
2.743255601100316198e+03
3.220133608605729933e+03
3.564145324646256540e+03
3.743873824819692800e+03
3.775349361723176571e+03
3.693446523579186305e+03
3.527248168248762340e+03
3.293631908239250606e+03
3.000885870167046960e+03
2.654301348911789773e+03
2.261573805129969514e+03
1.838227904595064956e+03
1.412507166378884222e+03
1.025922594785955880e+03
7.222115507989780099e+02
5.246412727951438910e+02
4.241343869488882206e+02
3.961141219299752834e+02
4.227579615717125989e+02
4.995377397724097364e+02
6.327276922438633164e+02
8.358373891488852223e+02
1.125256923929236109e+03
1.512513272198755203e+03
1.991356124070102851e+03
2.523228021884513055e+03
3.034484684036179715e+03
3.440764045683660243e+03
3.689105615203759953e+03
3.778261312008796722e+03
3.739249603887807098e+03
3.605339147765314920e+03
3.398360972693309122e+03
3.129499431858760090e+03
2.804614473632538193e+03
2.429745537930199134e+03
2.016491392846930694e+03
1.587346906583800774e+03
1.178815006368378135e+03
8.360506894508367850e+02
5.936750248333316904e+02
4.555658823478989916e+02
4.003252498400717059e+02
4.055546889388433556e+02
4.612646535746820859e+02
5.696849085813181546e+02
7.417568627325237003e+02
9.933605598925846607e+02
1.339323517886619129e+03
1.782662475330553434e+03
2.299698695300652162e+03
2.830172798080710891e+03
3.289337710789696757e+03
3.606434676903647869e+03
3.759064252948967805e+03
3.768841726726576780e+03
3.670953471787078797e+03
3.492469758541269584e+03
3.248438332227647152e+03
2.946236781593774140e+03
2.591173933230528746e+03
2.191867053190081151e+03
1.765675080274359289e+03
1.343252812494918771e+03
9.677006841940284403e+02
6.810696794871932980e+02
5.012805962668129496e+02
4.148001211035912092e+02
3.969243294241339868e+02
4.320046457439572123e+02
5.175941146746964705e+02
6.614424534888605649e+02
8.779158576434061843e+02
1.183278904869860298e+03
1.587134265330319067e+03
2.078747508270612343e+03
2.613256852147183963e+03
3.112624443761045768e+03
3.494749058154119211e+03
3.715064146794792578e+03
3.779985482565259190e+03
3.722814502591847940e+03
3.575354542720644531e+03
3.357356391976827126e+03
3.078694026381381263e+03
2.744867731070941772e+03
2.362459961061726972e+03
1.944531843805778180e+03
1.515841228714963790e+03
1.115087639066077372e+03
7.873845150857739554e+02
5.632334879261845799e+02
4.409728260733036223e+02
3.972730566015914064e+02
4.113571212292891914e+02
4.755036759918696134e+02
5.936676853595608918e+02
7.779201026898440432e+02
1.044500555617391228e+03
1.407177950465276353e+03
1.865589878905471551e+03
2.390241593062340144e+03
2.915048862422887851e+03
3.354370973820101881e+03
3.643894007853021776e+03
3.770109620562007422e+03
3.759257300961164674e+03
3.646183024016135732e+03
3.455849270197165424e+03
3.201611698127066120e+03
2.890100073616130885e+03
2.526792995884825814e+03
2.121385167089666083e+03
1.693209749307965239e+03
1.275333873735891302e+03
9.120761531514157241e+02
6.430789857874934796e+02
4.806416505884423600e+02
4.074235778334934253e+02
3.992224967435888630e+02
4.426621304645126997e+02
5.372771928204488177e+02
6.921924980756951982e+02
9.225043450699022287e+02
1.244116275276477609e+03
1.664312866548756119e+03
2.167446360588008247e+03
2.702321322238916764e+03
3.187344956477671985e+03
3.543977640821768091e+03
3.736491951857613003e+03
3.778203272849771110e+03
3.703820664997680979e+03
3.543385809759125550e+03
3.314649422813646197e+03
3.026338618764269995e+03
2.683749271553623203e+03
2.294159832626591651e+03
1.872247548221501120e+03
1.445116410530389885e+03
1.053473564452015808e+03
7.417645395496427909e+02
5.357813063969176710e+02
4.286391176219806312e+02
3.958507589052252911e+02
4.185589705056196976e+02
4.912496772867025925e+02
6.194983272945229373e+02
8.163990574084477885e+02
1.098371099870530998e+03
1.477796011394062589e+03
1.950483886699541699e+03
2.480857538656191537e+03
2.997462214593127555e+03
3.415007768834218041e+03
3.676573783249099961e+03
3.777197352025683813e+03
3.746764878712356222e+03
3.619236022183899877e+03
3.417435527384649959e+03
3.153177600234702368e+03
2.832504636024033971e+03
2.461216594303502916e+03
2.050241689396783386e+03
1.621016431581931101e+03
1.208976136552010075e+03
8.592080757931736343e+02
6.082234655803766827e+02
4.625895515756383816e+02
4.018913377810789029e+02
4.029665946584606786e+02
4.547468194734170197e+02
5.586433856997580278e+02
7.250565291573896047e+02
9.696741205374511310e+02
1.307777746967778285e+03
1.743918067538057358e+03
2.257132736198122984e+03
2.789986971263744181e+03
3.258315269568550775e+03
3.588392756264971467e+03
3.753542492716762354e+03
3.773102895902366981e+03
3.682396845166381354e+03
3.509499607577181905e+03
3.270271738265225849e+03
2.972457539068358074e+03
2.621301745663015481e+03
2.224932604694803558e+03
1.799793462358858051e+03
1.375389616024915767e+03
9.941768353152264126e+02
6.992525876066245019e+02
5.112152433573476173e+02
4.184301825963647161e+02
3.959869580222192553e+02
4.271550620663580844e+02
5.085445378841421302e+02
6.472489034781668806e+02
8.572731486799666527e+02
1.155015557389531523e+03
1.551114342558309772e+03
2.037103476582685744e+03
2.571139575078731923e+03
3.077008986431425001e+03
3.471070616113101551e+03
3.704560603446931964e+03
3.780519179972714937e+03
3.731521493603866475e+03
3.590201831630923152e+03
3.377270969912985038e+03
3.103160150366495600e+03
2.773482305741055370e+03
2.394510277996137120e+03
1.978561674578481870e+03
1.549290675434404648e+03
1.144403899532252581e+03
8.092310511281842764e+02
