9.162255114501372736e+04
1.222170019684640283e+05
1.635520181207671121e+05
2.142544924216780637e+05
2.631138671773387468e+05
2.818314428974676412e+05
2.731158815473024151e+05
2.795099956196679268e+05
2.754321656620909343e+05
2.783437764074177830e+05
2.763969694839974982e+05
2.777659433898631833e+05
2.768332786521425005e+05
2.774842171047117445e+05
2.770367519519665511e+05
2.773480661319351057e+05
2.771330189955661772e+05
2.772824953389544971e+05
2.771789297141261632e+05
2.772509305095549207e+05
2.772009383117493708e+05
2.772357191717299283e+05
2.772115292942520464e+05
2.772283752947708708e+05
2.772166420858078636e+05
2.772248220554372529e+05
2.772191172512110206e+05
2.772230989036178798e+05
2.772203186433294904e+05
2.772222613017853000e+05
2.772209032189176069e+05
2.772218532082400052e+05
2.772211883390549337e+05
2.772216539244778105e+05
2.772213277220625314e+05
2.772215563916730462e+05
2.772213960115183727e+05
2.772215085540097207e+05
2.772214295411210041e+05
2.772214850413295790e+05
2.772214460380966193e+05
2.772214734610436717e+05
2.772214541711212951e+05
2.772214677463461412e+05
2.772214581885070074e+05
2.772214649208391784e+05
2.772214601766626583e+05
2.772214635212480207e+05
2.772214611623645178e+05
2.772214628267379594e+05
2.772214616519171977e+05
2.772214624815109419e+05
2.772214618954657344e+05
2.772214623096199939e+05
2.772214620168305701e+05
2.772214622238979791e+05
2.772214620774008799e+05
2.772214621810829267e+05
2.772214621076770709e+05
2.772214621596637298e+05
2.772214621228326578e+05
2.772214621489336132e+05
2.772214621304286993e+05
2.772214621435501031e+05
2.772214621342435130e+05
2.772214621408475796e+05
2.772214621361584286e+05
2.772214621394875576e+05
2.772214621371232206e+05
2.772214621388041414e+05
2.772214621376103605e+05
2.772214621384564671e+05
2.772214621378543670e+05
2.772214621382822515e+05
2.772214621379767777e+05
2.772214621381930774e+05
2.772214621380384779e+05
2.772214621381498873e+05
2.772214621380704921e+05
2.772214621381270117e+05
2.772214621380881290e+05
2.772214621381144971e+05
2.772214621380941826e+05
2.772214621381079778e+05
2.772214621380972094e+05
2.772214621381053003e+05
2.772214621380984900e+05
2.772214621381032630e+05
2.772214621380997705e+05
2.772214621381010511e+05
2.772214621381002362e+05
2.772214621381020988e+05
2.772214621380995959e+05
2.772214621381009347e+05
2.772214621381001780e+05
2.772214621381000616e+05
2.772214621380998287e+05
2.772214621380992467e+05
2.772214621380995377e+05
2.772214621380990720e+05
2.772214621380979079e+05
2.772214621380979079e+05
2.772214621380975586e+05
2.772214621380969184e+05
2.772214621380979661e+05
2.772214621380979661e+05
2.772214621380977915e+05
2.772214621380977333e+05
2.772214621380972676e+05
2.772214621380979079e+05
2.772214621380962199e+05
2.772214621380970348e+05
2.772214621380943572e+05
2.772214621380965109e+05
2.772214621380945318e+05
2.772214621380956960e+05
2.772214621380950557e+05
2.772214621380941826e+05
2.772214621380954632e+05
2.772214621380952303e+05
2.772214621380955796e+05
2.772214621380959288e+05
2.772214621380939498e+05
2.772214621380939498e+05
2.772214621380926692e+05
2.772214621380937169e+05
2.772214621380940080e+05
2.772214621380920289e+05
2.772214621380941826e+05
2.772214621380930184e+05
2.772214621380942408e+05
2.772214621380913304e+05
2.772214621380921453e+05
2.772214621380931349e+05
2.772214621380919707e+05
2.772214621380926110e+05
2.772214621380912722e+05
2.772214621380927274e+05
2.772214621380908065e+05
2.772214621380908065e+05
2.772214621380907483e+05
2.772214621380916215e+05
2.772214621380915632e+05
2.772214621380899916e+05
2.772214621380900498e+05
2.772214621380892349e+05
2.772214621380903409e+05
2.772214621380888857e+05
2.772214621380888275e+05
2.772214621380888275e+05
2.772214621380887111e+05
2.772214621380882454e+05
2.772214621380881872e+05
2.772214621380891185e+05
2.772214621380880708e+05
2.772214621380884200e+05
2.772214621380860917e+05
2.772214621380864992e+05
2.772214621380879544e+05
2.772214621380873141e+05
2.772214621380867320e+05
2.772214621380861499e+05
2.772214621380863246e+05
2.772214621380856843e+05
2.772214621380858007e+05
2.772214621380867320e+05
2.772214621380878380e+05
2.772214621380857425e+05
2.772214621380843455e+05
2.772214621380868484e+05
2.772214621380852186e+05
2.772214621380829485e+05
2.772214621380859171e+05
2.772214621380831813e+05
2.772214621380849276e+05
2.772214621380827739e+05
2.772214621380835306e+05
2.772214621380839963e+05
2.772214621380837052e+05
2.772214621380823664e+05
2.772214621380842873e+05
2.772214621380832978e+05
2.772214621380816097e+05
2.772214621380830067e+05
2.772214621380820754e+05
2.772214621380807948e+05
2.772214621380816097e+05
2.772214621380820172e+05
2.772214621380807948e+05
2.772214621380810277e+05
2.772214621380795725e+05
2.772214621380806202e+05
2.772214621380799799e+05
2.772214621380814351e+05
2.772214621380799799e+05
2.772214621380803292e+05
2.772214621380796307e+05
2.772214621380793978e+05
2.772214621380792232e+05
2.772214621380790486e+05
2.772214621380792814e+05
2.772214621380785829e+05
2.772214621380767785e+05
2.772214621380782337e+05
2.772214621380773606e+05
2.772214621380778262e+05
2.772214621380769531e+05
2.772214621380784083e+05
2.772214621380771860e+05
2.772214621380777098e+05
2.772214621380765457e+05
2.772214621380757890e+05
2.772214621380767785e+05
2.772214621380760218e+05
2.772214621380766621e+05
2.772214621380745666e+05
2.772214621380754979e+05
2.772214621380749741e+05
2.772214621380754397e+05
2.772214621380753815e+05
2.772214621380744502e+05
2.772214621380746248e+05
2.772214621380745666e+05
2.772214621380738681e+05
2.772214621380730532e+05
2.772214621380732860e+05
2.772214621380743920e+05
2.772214621380736935e+05
2.772214621380739845e+05
2.772214621380732860e+05
2.772214621380734025e+05
2.772214621380720637e+05
2.772214621380713652e+05
2.772214621380731696e+05
2.772214621380716562e+05
2.772214621380716562e+05
2.772214621380726458e+05
2.772214621380716562e+05
2.772214621380716562e+05
2.772214621380703175e+05
2.772214621380698518e+05
2.772214621380711906e+05
2.772214621380710742e+05
2.772214621380706085e+05
2.772214621380683384e+05
2.772214621380688623e+05
2.772214621380705503e+05
2.772214621380699682e+05
2.772214621380682802e+05
2.772214621380694443e+05
2.772214621380678727e+05
2.772214621380687458e+05
2.772214621380686294e+05
2.772214621380685130e+05
2.772214621380675235e+05
2.772214621380683384e+05
2.772214621380669996e+05
2.772214621380677563e+05
2.772214621380671160e+05
2.772214621380679891e+05
2.772214621380664757e+05
2.772214621380667668e+05
2.772214621380661265e+05
2.772214621380656026e+05
2.772214621380660101e+05
2.772214621380649623e+05
2.772214621380661847e+05
2.772214621380653698e+05
2.772214621380646131e+05
2.772214621380643221e+05
2.772214621380651370e+05
2.772214621380653698e+05
2.772214621380638564e+05
2.772214621380642639e+05
2.772214621380640310e+05
2.772214621380645549e+05
2.772214621380643803e+05
2.772214621380632743e+05
2.772214621380626340e+05
2.772214621380635654e+05
2.772214621380632743e+05
2.772214621380619938e+05
2.772214621380629833e+05
2.772214621380635654e+05
2.772214621380618191e+05
2.772214621380622266e+05
2.772214621380618191e+05
2.772214621380616445e+05
2.772214621380603057e+05
2.772214621380605968e+05
2.772214621380617609e+05
2.772214621380617027e+05
2.772214621380595490e+05
2.772214621380602475e+05
2.772214621380600729e+05
2.772214621380602475e+05
2.772214621380598401e+05
2.772214621380596072e+05
2.772214621380595490e+05
2.772214621380590834e+05
2.772214621380587923e+05
2.772214621380575118e+05
2.772214621380580356e+05
2.772214621380554163e+05
2.772214621380584431e+05
2.772214621380585013e+05
2.772214621380578028e+05
2.772214621380571625e+05
2.772214621380571043e+05
2.772214621380561148e+05
2.772214621380573371e+05
2.772214621380558820e+05
2.772214621380565222e+05
2.772214621380562894e+05
2.772214621380558237e+05
2.772214621380559402e+05
2.772214621380562894e+05
2.772214621380551835e+05
2.772214621380548342e+05
2.772214621380552417e+05
2.772214621380546596e+05
2.772214621380541939e+05
2.772214621380537865e+05
2.772214621380530880e+05
2.772214621380541357e+05
2.772214621380540775e+05
2.772214621380533208e+05
2.772214621380537865e+05
2.772214621380538447e+05
2.772214621380516328e+05
2.772214621380511089e+05
2.772214621380527969e+05
2.772214621380526805e+05
2.772214621380515746e+05
2.772214621380524477e+05
2.772214621380521567e+05
2.772214621380513418e+05
2.772214621380519820e+05
2.772214621380516328e+05
2.772214621380509925e+05
2.772214621380502940e+05
2.772214621380494791e+05
2.772214621380513418e+05
2.772214621380514000e+05
2.772214621380497701e+05
2.772214621380484314e+05
2.772214621380484896e+05
2.772214621380494791e+05
2.772214621380480821e+05
2.772214621380491299e+05
2.772214621380495373e+05
2.772214621380493045e+05
2.772214621380484896e+05
2.772214621380491299e+05
2.772214621380479075e+05
2.772214621380468598e+05
2.772214621380473254e+05
2.772214621380470926e+05
2.772214621380475583e+05
2.772214621380475000e+05
2.772214621380476747e+05
2.772214621380458120e+05
2.772214621380455210e+05
2.772214621380463941e+05
2.772214621380449389e+05
2.772214621380449971e+05
2.772214621380458702e+05
2.772214621380465105e+05
2.772214621380436583e+05
2.772214621380465105e+05
2.772214621380440658e+05
2.772214621380444150e+05
2.772214621380456956e+05
2.772214621380447643e+05
2.772214621380433091e+05
2.772214621380433091e+05
2.772214621380442986e+05
2.772214621380430763e+05
2.772214621380424942e+05
2.772214621380423196e+05
2.772214621380430181e+05
2.772214621380420285e+05
2.772214621380419121e+05
2.772214621380418539e+05
2.772214621380430763e+05
2.772214621380416793e+05
2.772214621380418539e+05
2.772214621380413882e+05
2.772214621380413882e+05
2.772214621380411554e+05
2.772214621380421449e+05
2.772214621380405151e+05
2.772214621380408644e+05
2.772214621380395838e+05
2.772214621380408644e+05
2.772214621380395838e+05
2.772214621380392346e+05
2.772214621380383614e+05
2.772214621380390017e+05
2.772214621380385361e+05
2.772214621380397584e+05
2.772214621380391764e+05
2.772214621380389435e+05
2.772214621380376630e+05
2.772214621380372555e+05
2.772214621380374883e+05
2.772214621380390017e+05
2.772214621380370809e+05
2.772214621380371391e+05
2.772214621380371973e+05
2.772214621380358585e+05
2.772214621380371391e+05
2.772214621380366734e+05
2.772214621380357421e+05
2.772214621380364988e+05
2.772214621380348690e+05
2.772214621380356257e+05
2.772214621380359749e+05
2.772214621380354511e+05
2.772214621380356839e+05
2.772214621380331228e+05
2.772214621380341123e+05
2.772214621380351018e+05
2.772214621380337630e+05
2.772214621380332392e+05
2.772214621380334720e+05
2.772214621380338212e+05
2.772214621380323661e+05
2.772214621380340541e+05
2.772214621380347526e+05
2.772214621380319586e+05
2.772214621380316094e+05
2.772214621380317840e+05
2.772214621380328899e+05
2.772214621380323078e+05
2.772214621380329481e+05
2.772214621380319586e+05
2.772214621380306198e+05
2.772214621380305616e+05
2.772214621380305034e+05
2.772214621380302706e+05
2.772214621380310273e+05
2.772214621380315511e+05
2.772214621380302706e+05
2.772214621380302706e+05
2.772214621380295139e+05
2.772214621380293393e+05
2.772214621380292810e+05
2.772214621380277677e+05
2.772214621380296303e+05
2.772214621380281169e+05
2.772214621380286408e+05
2.772214621380291064e+05
2.772214621380273020e+05
2.772214621380273020e+05
2.772214621380265453e+05
2.772214621380264871e+05
2.772214621380268945e+05
2.772214621380267199e+05
2.772214621380270692e+05
2.772214621380264289e+05
2.772214621380261378e+05
2.772214621380261960e+05
2.772214621380267781e+05
2.772214621380256722e+05
2.772214621380266035e+05
2.772214621380246244e+05
2.772214621380256140e+05
2.772214621380236931e+05
2.772214621380249155e+05
2.772214621380245080e+05
2.772214621380260214e+05
2.772214621380247409e+05
2.772214621380243916e+05
2.772214621380235767e+05
2.772214621380239259e+05
2.772214621380230528e+05
2.772214621380230528e+05
2.772214621380227618e+05
2.772214621380236931e+05
2.772214621380245080e+05
2.772214621380233439e+05
2.772214621380222961e+05
2.772214621380231692e+05
2.772214621380207827e+05
2.772214621380227618e+05
2.772214621380213066e+05
2.772214621380221797e+05
2.772214621380205499e+05
2.772214621380197932e+05
2.772214621380208409e+05
2.772214621380204917e+05
2.772214621380215976e+05
2.772214621380203171e+05
2.772214621380197932e+05
2.772214621380208991e+05
2.772214621380193275e+05
2.772214621380196768e+05
2.772214621380202007e+05
2.772214621380183380e+05
2.772214621380200842e+05
2.772214621380181052e+05
2.772214621380165918e+05
2.772214621380182216e+05
2.772214621380179306e+05
2.772214621380168828e+05
2.772214621380167082e+05
2.772214621380172321e+05
2.772214621380169992e+05
2.772214621380161843e+05
2.772214621380163007e+05
2.772214621380170574e+05
2.772214621380161843e+05
2.772214621380164172e+05
2.772214621380159515e+05
2.772214621380147291e+05
2.772214621380148456e+05
2.772214621380160097e+05
2.772214621380153694e+05
2.772214621380165336e+05
2.772214621380155440e+05
2.772214621380152530e+05
2.772214621380143799e+05
2.772214621380142053e+05
2.772214621380143217e+05
2.772214621380136232e+05
2.772214621380127501e+05
2.772214621380128665e+05
2.772214621380133322e+05
2.772214621380128083e+05
2.772214621380135068e+05
2.772214621380136814e+05
2.772214621380118188e+05
2.772214621380133322e+05
2.772214621380120516e+05
2.772214621380123426e+05
2.772214621380123426e+05
2.772214621380107128e+05
2.772214621380111785e+05
2.772214621380114695e+05
2.772214621380108292e+05
2.772214621380104800e+05
2.772214621380114695e+05
2.772214621380103054e+05
2.772214621380094322e+05
2.772214621380095487e+05
2.772214621380088502e+05
2.772214621380095487e+05
2.772214621380094322e+05
2.772214621380103636e+05
2.772214621380087920e+05
2.772214621380083263e+05
2.772214621380086755e+05
2.772214621380083263e+05
2.772214621380082681e+05
2.772214621380095487e+05
2.772214621380085591e+05
2.772214621380079188e+05
2.772214621380066383e+05
2.772214621380070457e+05
2.772214621380074532e+05
2.772214621380062890e+05
2.772214621380061144e+05
2.772214621380058234e+05
2.772214621380059980e+05
2.772214621380047756e+05
2.772214621380051249e+05
2.772214621380063472e+05
2.772214621380048338e+05
2.772214621380057069e+05
2.772214621380050667e+05
2.772214621380051249e+05
2.772214621380043100e+05
2.772214621380040771e+05
2.772214621380032622e+05
2.772214621380028548e+05
2.772214621380047174e+05
2.772214621380035533e+05
2.772214621380036697e+05
2.772214621380021563e+05
2.772214621380032040e+05
2.772214621380017488e+05
2.772214621380026219e+05
2.772214621380016324e+05
2.772214621380016906e+05
2.772214621380016324e+05
2.772214621380004101e+05
2.772214621380010503e+05
2.772214621380022145e+05
2.772214621380007011e+05
2.772214621380003518e+05
2.772214621380006429e+05
2.772214621379993041e+05
2.772214621380005265e+05
2.772214621379996534e+05
2.772214621379994787e+05
2.772214621379991295e+05
2.772214621379996534e+05
2.772214621379988967e+05
2.772214621379993041e+05
2.772214621379984310e+05
2.772214621379987220e+05
2.772214621379987802e+05
2.772214621379990713e+05
2.772214621379980235e+05
2.772214621379976161e+05
2.772214621379983728e+05
2.772214621379974997e+05
2.772214621379979071e+05
2.772214621379970340e+05
2.772214621379965101e+05
2.772214621379958116e+05
2.772214621379961027e+05
2.772214621379959863e+05
2.772214621379965101e+05
2.772214621379955206e+05
2.772214621379958116e+05
2.772214621379953460e+05
2.772214621379948221e+05
2.772214621379958116e+05
2.772214621379941818e+05
2.772214621379933669e+05
2.772214621379956370e+05
2.772214621379945893e+05
2.772214621379935998e+05
2.772214621379933087e+05
2.772214621379929013e+05
2.772214621379938326e+05
2.772214621379927848e+05
2.772214621379935998e+05
2.772214621379916207e+05
2.772214621379925520e+05
2.772214621379913297e+05
2.772214621379920864e+05
2.772214621379915625e+05
2.772214621379917371e+05
2.772214621379912132e+05
2.772214621379912132e+05
2.772214621379914461e+05
2.772214621379910386e+05
2.772214621379917953e+05
2.772214621379907476e+05
2.772214621379898163e+05
2.772214621379891760e+05
2.772214621379894088e+05
2.772214621379897580e+05
2.772214621379901073e+05
2.772214621379882446e+05
2.772214621379888849e+05
2.772214621379892342e+05
2.772214621379884775e+05
2.772214621379885939e+05
2.772214621379891760e+05
2.772214621379880118e+05
2.772214621379877790e+05
2.772214621379865566e+05
2.772214621379889431e+05
2.772214621379884775e+05
2.772214621379862074e+05
2.772214621379866730e+05
2.772214621379857417e+05
2.772214621379860328e+05
2.772214621379865566e+05
2.772214621379867312e+05
2.772214621379865566e+05
2.772214621379853925e+05
2.772214621379857417e+05
2.772214621379851014e+05
2.772214621379849268e+05
2.772214621379833552e+05
2.772214621379847522e+05
2.772214621379847522e+05
2.772214621379831224e+05
2.772214621379838209e+05
2.772214621379839373e+05
2.772214621379832388e+05
2.772214621379835298e+05
2.772214621379832388e+05
2.772214621379832388e+05
2.772214621379823657e+05
2.772214621379831224e+05
2.772214621379818418e+05
2.772214621379824239e+05
2.772214621379827731e+05
2.772214621379821911e+05
2.772214621379814344e+05
2.772214621379810269e+05
2.772214621379800374e+05
2.772214621379819582e+05
2.772214621379826567e+05
2.772214621379809105e+05
2.772214621379798045e+05
2.772214621379808523e+05
2.772214621379812597e+05
2.772214621379796299e+05
2.772214621379805030e+05
2.772214621379805030e+05
2.772214621379781165e+05
2.772214621379775344e+05
2.772214621379804448e+05
2.772214621379797463e+05
2.772214621379782329e+05
2.772214621379783493e+05
2.772214621379790478e+05
2.772214621379779419e+05
2.772214621379781747e+05
2.772214621379775344e+05
2.772214621379774180e+05
2.772214621379769524e+05
2.772214621379767777e+05
2.772214621379765449e+05
2.772214621379752643e+05
2.772214621379766613e+05
2.772214621379750315e+05
2.772214621379753225e+05
2.772214621379764867e+05
2.772214621379753225e+05
2.772214621379746823e+05
2.772214621379745076e+05
2.772214621379732853e+05
2.772214621379753225e+05
2.772214621379755554e+05
2.772214621379740420e+05
2.772214621379736927e+05
2.772214621379732271e+05
2.772214621379735763e+05
2.772214621379736345e+05
2.772214621379728778e+05
2.772214621379732853e+05
2.772214621379736927e+05
2.772214621379724704e+05
2.772214621379733435e+05
2.772214621379725286e+05
2.772214621379724704e+05
2.772214621379718883e+05
2.772214621379715391e+05
2.772214621379711316e+05
2.772214621379712480e+05
2.772214621379713062e+05
2.772214621379702585e+05
2.772214621379703167e+05
2.772214621379699092e+05
2.772214621379696764e+05
2.772214621379692107e+05
2.772214621379700257e+05
2.772214621379703749e+05
2.772214621379692107e+05
2.772214621379690943e+05
2.772214621379693854e+05
2.772214621379687451e+05
2.772214621379695018e+05
2.772214621379696182e+05
2.772214621379698510e+05
2.772214621379668824e+05
2.772214621379678138e+05
2.772214621379689197e+05
2.772214621379675227e+05
2.772214621379669989e+05
2.772214621379668242e+05
2.772214621379668824e+05
2.772214621379674063e+05
2.772214621379670571e+05
2.772214621379647288e+05
2.772214621379669989e+05
2.772214621379663586e+05
2.772214621379660675e+05
2.772214621379663586e+05
2.772214621379654855e+05
2.772214621379646705e+05
2.772214621379662422e+05
2.772214621379652526e+05
2.772214621379631571e+05
2.772214621379631571e+05
2.772214621379625751e+05
2.772214621379628079e+05
2.772214621379637392e+05
2.772214621379626333e+05
2.772214621379633900e+05
2.772214621379626915e+05
2.772214621379644377e+05
2.772214621379631571e+05
2.772214621379622258e+05
2.772214621379622258e+05
2.772214621379624004e+05
2.772214621379607706e+05
2.772214621379611781e+05
2.772214621379622258e+05
2.772214621379613527e+05
2.772214621379616437e+05
2.772214621379602468e+05
2.772214621379598975e+05
2.772214621379593736e+05
2.772214621379601886e+05
2.772214621379604214e+05
2.772214621379599557e+05
2.772214621379598393e+05
2.772214621379601303e+05
2.772214621379591990e+05
2.772214621379578020e+05
2.772214621379587916e+05
2.772214621379599557e+05
2.772214621379572200e+05
2.772214621379586169e+05
2.772214621379582095e+05
2.772214621379572782e+05
2.772214621379580931e+05
2.772214621379576274e+05
2.772214621379569289e+05
2.772214621379567543e+05
2.772214621379573364e+05
2.772214621379565797e+05
2.772214621379562886e+05
2.772214621379572200e+05
2.772214621379566379e+05
2.772214621379556484e+05
2.772214621379552409e+05
2.772214621379566379e+05
2.772214621379553573e+05
2.772214621379546588e+05
2.772214621379543678e+05
2.772214621379543678e+05
2.772214621379547752e+05
2.772214621379544260e+05
2.772214621379549499e+05
2.772214621379549499e+05
2.772214621379527962e+05
2.772214621379545424e+05
2.772214621379536693e+05
2.772214621379519813e+05
2.772214621379525051e+05
2.772214621379533783e+05
2.772214621379520977e+05
2.772214621379527380e+05
2.772214621379513992e+05
2.772214621379520395e+05
2.772214621379518649e+05
2.772214621379528544e+05
2.772214621379519813e+05
2.772214621379511082e+05
2.772214621379495366e+05
2.772214621379504097e+05
2.772214621379501768e+05
2.772214621379516902e+05
2.772214621379493619e+05
2.772214621379491291e+05
2.772214621379495948e+05
2.772214621379503515e+05
2.772214621379501186e+05
2.772214621379486634e+05
2.772214621379501186e+05
2.772214621379494783e+05
2.772214621379490127e+05
2.772214621379485470e+05
2.772214621379479649e+05
2.772214621379488381e+05
2.772214621379478485e+05
2.772214621379473247e+05
2.772214621379460441e+05
2.772214621379470918e+05
2.772214621379468590e+05
2.772214621379455784e+05
2.772214621379464515e+05
2.772214621379455202e+05
2.772214621379459277e+05
2.772214621379454038e+05
2.772214621379469172e+05
2.772214621379458695e+05
2.772214621379449381e+05
2.772214621379445307e+05
2.772214621379452292e+05
2.772214621379452874e+05
2.772214621379452292e+05
2.772214621379430755e+05
2.772214621379431337e+05
2.772214621379441814e+05
2.772214621379431919e+05
2.772214621379444143e+05
2.772214621379428427e+05
2.772214621379448799e+05
2.772214621379419114e+05
2.772214621379431337e+05
2.772214621379429591e+05
2.772214621379429009e+05
2.772214621379424934e+05
2.772214621379412711e+05
2.772214621379420860e+05
2.772214621379416203e+05
2.772214621379419696e+05
2.772214621379402815e+05
2.772214621379420278e+05
2.772214621379408054e+05
2.772214621379399905e+05
2.772214621379395830e+05
2.772214621379390592e+05
2.772214621379398741e+05
2.772214621379409218e+05
2.772214621379388263e+05
2.772214621379385353e+05
2.772214621379390010e+05
2.772214621379379532e+05
2.772214621379384771e+05
2.772214621379385353e+05
2.772214621379400487e+05
2.772214621379375458e+05
2.772214621379384189e+05
2.772214621379395830e+05
2.772214621379365562e+05
2.772214621379371383e+05
2.772214621379380114e+05
2.772214621379367309e+05
2.772214621379366727e+05
2.772214621379357995e+05
2.772214621379356831e+05
2.772214621379360906e+05
2.772214621379355667e+05
2.772214621379344608e+05
2.772214621379361488e+05
2.772214621379349264e+05
2.772214621379354503e+05
2.772214621379342861e+05
2.772214621379330056e+05
2.772214621379349846e+05
2.772214621379340533e+05
2.772214621379330638e+05
2.772214621379350428e+05
2.772214621379348682e+05
2.772214621379328310e+05
2.772214621379331802e+05
2.772214621379330056e+05
2.772214621379327727e+05
2.772214621379325399e+05
2.772214621379325399e+05
2.772214621379323653e+05
2.772214621379329474e+05
2.772214621379338205e+05
2.772214621379310265e+05
2.772214621379315504e+05
2.772214621379319578e+05
2.772214621379312593e+05
2.772214621379299206e+05
2.772214621379305609e+05
2.772214621379294549e+05
2.772214621379293385e+05
2.772214621379306773e+05
2.772214621379295131e+05
2.772214621379304444e+05
2.772214621379289893e+05
2.772214621379287564e+05
2.772214621379288146e+05
2.772214621379281743e+05
2.772214621379286982e+05
2.772214621379271266e+05
2.772214621379283490e+05
2.772214621379275341e+05
2.772214621379279415e+05
2.772214621379283490e+05
2.772214621379278251e+05
2.772214621379277669e+05
2.772214621379273012e+05
2.772214621379274759e+05
2.772214621379247983e+05
2.772214621379259625e+05
2.772214621379265445e+05
2.772214621379268938e+05
2.772214621379253222e+05
2.772214621379241580e+05
2.772214621379252640e+05
2.772214621379261371e+05
2.772214621379249729e+05
2.772214621379261953e+05
2.772214621379239252e+05
2.772214621379242744e+05
2.772214621379240998e+05
2.772214621379243326e+05
2.772214621379247401e+05
2.772214621379229939e+05
2.772214621379225282e+05
2.772214621379231685e+05
2.772214621379242744e+05
2.772214621379221790e+05
2.772214621379208402e+05
2.772214621379213058e+05
2.772214621379214223e+05
2.772214621379217133e+05
2.772214621379221790e+05
2.772214621379227610e+05
2.772214621379213640e+05
2.772214621379216551e+05
2.772214621379208984e+05
2.772214621379196178e+05
2.772214621379211312e+05
2.772214621379207820e+05
2.772214621379213640e+05
2.772214621379209566e+05
2.772214621379190357e+05
2.772214621379201417e+05
2.772214621379192686e+05
2.772214621379204327e+05
2.772214621379186283e+05
2.772214621379199089e+05
2.772214621379175805e+05
2.772214621379182790e+05
2.772214621379183955e+05
2.772214621379182790e+05
2.772214621379189193e+05
2.772214621379179298e+05
2.772214621379171149e+05
2.772214621379169985e+05
2.772214621379177552e+05
2.772214621379162418e+05
2.772214621379160671e+05
2.772214621379168238e+05
2.772214621379157179e+05
2.772214621379154269e+05
2.772214621379159507e+05
2.772214621379147284e+05
2.772214621379149030e+05
2.772214621379156015e+05
2.772214621379149612e+05
2.772214621379151358e+05
2.772214621379146702e+05
2.772214621379139717e+05
2.772214621379145538e+05
2.772214621379136806e+05
2.772214621379126911e+05
2.772214621379147284e+05
2.772214621379134478e+05
2.772214621379132150e+05
2.772214621379132732e+05
2.772214621379127493e+05
2.772214621379124583e+05
2.772214621379133314e+05
2.772214621379128657e+05
2.772214621379125747e+05
2.772214621379116434e+05
2.772214621379115270e+05
2.772214621379104210e+05
2.772214621379103628e+05
2.772214621379105956e+05
2.772214621379098389e+05
2.772214621379096061e+05
2.772214621379089076e+05
2.772214621379097225e+05
2.772214621379107703e+05
2.772214621379097807e+05
2.772214621379097225e+05
2.772214621379097807e+05
2.772214621379078599e+05
2.772214621379093733e+05
2.772214621379084419e+05
2.772214621379091986e+05
2.772214621379084419e+05
2.772214621379096061e+05
2.772214621379083837e+05
2.772214621379078599e+05
2.772214621379071032e+05
2.772214621379076852e+05
2.772214621379068703e+05
2.772214621379078017e+05
2.772214621379069285e+05
2.772214621379075688e+05
2.772214621379071614e+05
2.772214621379065211e+05
2.772214621379058808e+05
2.772214621379059390e+05
2.772214621379050077e+05
2.772214621379062301e+05
2.772214621379040182e+05
2.772214621379051823e+05
2.772214621379041928e+05
2.772214621379028540e+05
2.772214621379042510e+05
2.772214621379044838e+05
2.772214621379039600e+05
2.772214621379048913e+05
2.772214621379030868e+05
2.772214621379026794e+05
2.772214621379027376e+05
2.772214621379023301e+05
2.772214621379027376e+05
2.772214621379026212e+05
2.772214621379021555e+05
2.772214621379023301e+05
2.772214621379022137e+05
2.772214621379019809e+05
2.772214621379011078e+05
2.772214621379011078e+05
2.772214621379011660e+05
2.772214621378986049e+05
2.772214621379003511e+05
2.772214621379002347e+05
2.772214621379009332e+05
2.772214621379001183e+05
2.772214621379005257e+05
2.772214621378998854e+05
2.772214621378988377e+05
2.772214621378988377e+05
2.772214621379001183e+05
2.772214621378984884e+05
2.772214621378998272e+05
2.772214621378969168e+05
2.772214621378987213e+05
2.772214621378968004e+05
2.772214621378972079e+05
2.772214621378972079e+05
2.772214621378968004e+05
2.772214621378984884e+05
2.772214621378967422e+05
2.772214621378962765e+05
2.772214621378962765e+05
2.772214621378968586e+05
2.772214621378963930e+05
2.772214621378959273e+05
2.772214621378940647e+05
2.772214621378974989e+05
2.772214621378949378e+05
2.772214621378952288e+05
2.772214621378947049e+05
2.772214621378951706e+05
2.772214621378936572e+05
2.772214621378947049e+05
2.772214621378935990e+05
2.772214621378943557e+05
2.772214621378932497e+05
2.772214621378949960e+05
2.772214621378942393e+05
2.772214621378933080e+05
2.772214621378923766e+05
2.772214621378928423e+05
2.772214621378913871e+05
2.772214621378922020e+05
2.772214621378941811e+05
2.772214621378933662e+05
2.772214621378910961e+05
2.772214621378912707e+05
2.772214621378912707e+05
2.772214621378912707e+05
2.772214621378901647e+05
2.772214621378913871e+05
2.772214621378911543e+05
2.772214621378905140e+05
2.772214621378899319e+05
2.772214621378911543e+05
2.772214621378898737e+05
2.772214621378897573e+05
2.772214621378890006e+05
2.772214621378896409e+05
2.772214621378888842e+05
2.772214621378902229e+05
2.772214621378878946e+05
2.772214621378890006e+05
2.772214621378900483e+05
2.772214621378883603e+05
2.772214621378886513e+05
2.772214621378886513e+05
2.772214621378876036e+05
2.772214621378871379e+05
2.772214621378873126e+05
2.772214621378876036e+05
2.772214621378869633e+05
2.772214621378863812e+05
2.772214621378873126e+05
2.772214621378864395e+05
2.772214621378858574e+05
2.772214621378851589e+05
2.772214621378846932e+05
2.772214621378864395e+05
2.772214621378859156e+05
2.772214621378840529e+05
2.772214621378857992e+05
2.772214621378842276e+05
2.772214621378855081e+05
2.772214621378834127e+05
2.772214621378830634e+05
2.772214621378837619e+05
2.772214621378835873e+05
2.772214621378837619e+05
2.772214621378808515e+05
2.772214621378829470e+05
2.772214621378841694e+05
2.772214621378837619e+05
2.772214621378827724e+05
2.772214621378823649e+05
2.772214621378835873e+05
2.772214621378816664e+05
2.772214621378811426e+05
2.772214621378805023e+05
2.772214621378823649e+05
2.772214621378819575e+05
2.772214621378792217e+05
2.772214621378811426e+05
2.772214621378812590e+05
2.772214621378797456e+05
2.772214621378800948e+05
2.772214621378796874e+05
2.772214621378795709e+05
2.772214621378801530e+05
2.772214621378787560e+05
2.772214621378781158e+05
2.772214621378784068e+05
2.772214621378788725e+05
2.772214621378787560e+05
2.772214621378773008e+05
2.772214621378791053e+05
2.772214621378762531e+05
2.772214621378768934e+05
2.772214621378768352e+05
2.772214621378773008e+05
2.772214621378767770e+05
2.772214621378767188e+05
2.772214621378775919e+05
2.772214621378766606e+05
2.772214621378763113e+05
2.772214621378750890e+05
2.772214621378757874e+05
2.772214621378743323e+05
2.772214621378752636e+05
2.772214621378757874e+05
2.772214621378739248e+05
2.772214621378745651e+05
2.772214621378753218e+05
2.772214621378748561e+05
2.772214621378743323e+05
2.772214621378731681e+05
2.772214621378731681e+05
2.772214621378736920e+05
2.772214621378734009e+05
2.772214621378731681e+05
2.772214621378728771e+05
2.772214621378718875e+05
2.772214621378729935e+05
2.772214621378707816e+05
2.772214621378735173e+05
2.772214621378726442e+05
2.772214621378706070e+05
2.772214621378721786e+05
2.772214621378729353e+05
2.772214621378722950e+05
2.772214621378713055e+05
2.772214621378709562e+05
2.772214621378693846e+05
2.772214621378708980e+05
2.772214621378722950e+05
2.772214621378708980e+05
2.772214621378697921e+05
2.772214621378696174e+05
2.772214621378707234e+05
2.772214621378680458e+05
2.772214621378684533e+05
2.772214621378681622e+05
2.772214621378693264e+05
2.772214621378681622e+05
2.772214621378685697e+05
2.772214621378678712e+05
2.772214621378675802e+05
2.772214621378670563e+05
2.772214621378672309e+05
2.772214621378686861e+05
2.772214621378664742e+05
2.772214621378659504e+05
2.772214621378662996e+05
2.772214621378660668e+05
2.772214621378673473e+05
2.772214621378653101e+05
2.772214621378654265e+05
2.772214621378665324e+05
2.772214621378659504e+05
2.772214621378656593e+05
2.772214621378657175e+05
2.772214621378633310e+05
2.772214621378646116e+05
2.772214621378640877e+05
2.772214621378629236e+05
2.772214621378651354e+05
2.772214621378633892e+05
2.772214621378638549e+05
2.772214621378635638e+05
2.772214621378631564e+05
2.772214621378626907e+05
2.772214621378618176e+05
2.772214621378625743e+05
2.772214621378619922e+05
2.772214621378623997e+05
2.772214621378617594e+05
2.772214621378619922e+05
2.772214621378622251e+05
2.772214621378599550e+05
2.772214621378612937e+05
2.772214621378605370e+05
2.772214621378607117e+05
2.772214621378601878e+05
2.772214621378621086e+05
2.772214621378596057e+05
2.772214621378600132e+05
2.772214621378587908e+05
2.772214621378587908e+05
2.772214621378589072e+05
2.772214621378586744e+05
2.772214621378583251e+05
2.772214621378587908e+05
2.772214621378593729e+05
2.772214621378590236e+05
2.772214621378580923e+05
2.772214621378562879e+05
2.772214621378589654e+05
2.772214621378566371e+05
2.772214621378560551e+05
2.772214621378577431e+05
2.772214621378573938e+05
2.772214621378561715e+05
2.772214621378569864e+05
2.772214621378561133e+05
2.772214621378568700e+05
2.772214621378564043e+05
2.772214621378550073e+05
2.772214621378558804e+05
2.772214621378558804e+05
2.772214621378539014e+05
2.772214621378552401e+05
2.772214621378550655e+05
2.772214621378555312e+05
2.772214621378556476e+05
2.772214621378559968e+05
2.772214621378552984e+05
2.772214621378532611e+05
2.772214621378540178e+05
2.772214621378527954e+05
2.772214621378533775e+05
2.772214621378525626e+05
2.772214621378518059e+05
2.772214621378520969e+05
2.772214621378515731e+05
2.772214621378527954e+05
2.772214621378512820e+05
2.772214621378501179e+05
2.772214621378514566e+05
2.772214621378504671e+05
2.772214621378516895e+05
2.772214621378513402e+05
2.772214621378504671e+05
2.772214621378508164e+05
2.772214621378500015e+05
2.772214621378501179e+05
2.772214621378498268e+05
2.772214621378493612e+05
2.772214621378510492e+05
2.772214621378497686e+05
2.772214621378491283e+05
2.772214621378477896e+05
2.772214621378488955e+05
2.772214621378488955e+05
2.772214621378488373e+05
2.772214621378494776e+05
2.772214621378484881e+05
2.772214621378481970e+05
2.772214621378477896e+05
2.772214621378467418e+05
2.772214621378477314e+05
2.772214621378469164e+05
2.772214621378468582e+05
2.772214621378465090e+05
2.772214621378469747e+05
2.772214621378462180e+05
2.772214621378462180e+05
2.772214621378465672e+05
2.772214621378472075e+05
2.772214621378437732e+05
2.772214621378460433e+05
2.772214621378445881e+05
2.772214621378452284e+05
2.772214621378444717e+05
2.772214621378434240e+05
2.772214621378449374e+05
2.772214621378440643e+05
2.772214621378435986e+05
2.772214621378440643e+05
2.772214621378424927e+05
2.772214621378416196e+05
2.772214621378430747e+05
2.772214621378410957e+05
2.772214621378412121e+05
2.772214621378427837e+05
2.772214621378431330e+05
2.772214621378423763e+05
2.772214621378417360e+05
2.772214621378412703e+05
2.772214621378403390e+05
2.772214621378413285e+05
2.772214621378417360e+05
2.772214621378393495e+05
2.772214621378403390e+05
2.772214621378395823e+05
2.772214621378389420e+05
2.772214621378406882e+05
2.772214621378395823e+05
2.772214621378378361e+05
2.772214621378404554e+05
2.772214621378393495e+05
2.772214621378377778e+05
2.772214621378383017e+05
2.772214621378386510e+05
2.772214621378386510e+05
2.772214621378373122e+05
2.772214621378378943e+05
2.772214621378373122e+05
2.772214621378387674e+05
2.772214621378364391e+05
2.772214621378353913e+05
2.772214621378369047e+05
2.772214621378369047e+05
2.772214621378375450e+05
2.772214621378356824e+05
2.772214621378361480e+05
2.772214621378347510e+05
2.772214621378353913e+05
2.772214621378364391e+05
2.772214621378350421e+05
2.772214621378359734e+05
2.772214621378353331e+05
2.772214621378344018e+05
2.772214621378327720e+05
2.772214621378348675e+05
2.772214621378348675e+05
2.772214621378341108e+05
2.772214621378328302e+05
2.772214621378323063e+05
2.772214621378345182e+05
2.772214621378337615e+05
2.772214621378326556e+05
2.772214621378327138e+05
2.772214621378333541e+05
2.772214621378331794e+05
2.772214621378321317e+05
2.772214621378315496e+05
2.772214621378307347e+05
2.772214621378304437e+05
2.772214621378306765e+05
2.772214621378296870e+05
2.772214621378316078e+05
2.772214621378312004e+05
2.772214621378299198e+05
2.772214621378292213e+05
2.772214621378303855e+05
2.772214621378288721e+05
2.772214621378293959e+05
2.772214621378293377e+05
2.772214621378297452e+05
2.772214621378291049e+05
2.772214621378289885e+05
2.772214621378282900e+05
2.772214621378280572e+05
2.772214621378273587e+05
2.772214621378280572e+05
2.772214621378290467e+05
2.772214621378279408e+05
2.772214621378272423e+05
2.772214621378268348e+05
2.772214621378270094e+05
2.772214621378261363e+05
2.772214621378254378e+05
2.772214621378259035e+05
2.772214621378264856e+05
2.772214621378261363e+05
2.772214621378253796e+05
2.772214621378257289e+05
2.772214621378242155e+05
2.772214621378249722e+05
2.772214621378257871e+05
2.772214621378246229e+05
2.772214621378257871e+05
2.772214621378244483e+05
2.772214621378236916e+05
2.772214621378239826e+05
2.772214621378239244e+05
2.772214621378240990e+05
2.772214621378235752e+05
2.772214621378245065e+05
2.772214621378229931e+05
2.772214621378245065e+05
2.772214621378225856e+05
2.772214621378228185e+05
2.772214621378217125e+05
2.772214621378221782e+05
2.772214621378212469e+05
2.772214621378214797e+05
2.772214621378218289e+05
2.772214621378214797e+05
2.772214621378212469e+05
2.772214621378212469e+05
2.772214621378206066e+05
2.772214621378204902e+05
2.772214621378204902e+05
2.772214621378201991e+05
2.772214621378194424e+05
2.772214621378198499e+05
2.772214621378169977e+05
2.772214621378199663e+05
2.772214621378181037e+05
2.772214621378196171e+05
2.772214621378181037e+05
2.772214621378175216e+05
2.772214621378177544e+05
2.772214621378197335e+05
2.772214621378186275e+05
2.772214621378179290e+05
2.772214621378161246e+05
2.772214621378169977e+05
2.772214621378165320e+05
2.772214621378175798e+05
2.772214621378170559e+05
2.772214621378174634e+05
2.772214621378161828e+05
2.772214621378163574e+05
2.772214621378162992e+05
2.772214621378158336e+05
2.772214621378156007e+05
2.772214621378139709e+05
2.772214621378157753e+05
2.772214621378154843e+05
2.772214621378132724e+05
2.772214621378146112e+05
2.772214621378139127e+05
2.772214621378139127e+05
2.772214621378139127e+05
2.772214621378135635e+05
2.772214621378139709e+05
2.772214621378137963e+05
2.772214621378129232e+05
2.772214621378133306e+05
2.772214621378139709e+05
2.772214621378125157e+05
2.772214621378119919e+05
2.772214621378115844e+05
2.772214621378119336e+05
2.772214621378096053e+05
2.772214621378106531e+05
2.772214621378112934e+05
2.772214621378103620e+05
2.772214621378114680e+05
2.772214621378111769e+05
2.772214621378107113e+05
2.772214621378111769e+05
2.772214621378102456e+05
2.772214621378103620e+05
2.772214621378091979e+05
2.772214621378104785e+05
2.772214621378098964e+05
2.772214621378097800e+05
2.772214621378091397e+05
2.772214621378088486e+05
2.772214621378082666e+05
2.772214621378080919e+05
2.772214621378074517e+05
2.772214621378078591e+05
2.772214621378072770e+05
2.772214621378067532e+05
2.772214621378061129e+05
2.772214621378073934e+05
2.772214621378076845e+05
2.772214621378065785e+05
2.772214621378065785e+05
2.772214621378062293e+05
2.772214621378062875e+05
2.772214621378075099e+05
2.772214621378063457e+05
2.772214621378054144e+05
2.772214621378056472e+05
2.772214621378069860e+05
2.772214621378056472e+05
2.772214621378058218e+05
2.772214621378045995e+05
2.772214621378024458e+05
2.772214621378039592e+05
2.772214621378036099e+05
2.772214621378029115e+05
2.772214621378047159e+05
2.772214621378045413e+05
2.772214621378033189e+05
2.772214621378027950e+05
2.772214621378037846e+05
2.772214621378028532e+05
2.772214621378022712e+05
2.772214621378017473e+05
2.772214621378016891e+05
2.772214621378022130e+05
2.772214621378018637e+05
2.772214621378005832e+05
2.772214621378008160e+05
2.772214621378003503e+05
2.772214621378003503e+05
2.772214621378022130e+05
2.772214621378014563e+05
2.772214621378006996e+05
2.772214621377998847e+05
2.772214621377996518e+05
2.772214621377986041e+05
2.772214621377998847e+05
2.772214621377993026e+05
2.772214621377987205e+05
2.772214621377983713e+05
2.772214621377994772e+05
2.772214621377995354e+05
2.772214621377985459e+05
2.772214621377974399e+05
2.772214621377975564e+05
2.772214621377960430e+05
2.772214621377966250e+05
2.772214621377962176e+05
2.772214621377974399e+05
2.772214621377961012e+05
2.772214621377966250e+05
2.772214621377966832e+05
2.772214621377972071e+05
2.772214621377940639e+05
2.772214621377961012e+05
2.772214621377955191e+05
2.772214621377957519e+05
2.772214621377938893e+05
2.772214621377951698e+05
2.772214621377952863e+05
2.772214621377955191e+05
2.772214621377957519e+05
2.772214621377959265e+05
2.772214621377944713e+05
2.772214621377937729e+05
2.772214621377934818e+05
2.772214621377930162e+05
2.772214621377930744e+05
2.772214621377933654e+05
2.772214621377922012e+05
2.772214621377939475e+05
2.772214621377923759e+05
2.772214621377919102e+05
2.772214621377926669e+05
2.772214621377924341e+05
2.772214621377908625e+05
2.772214621377914445e+05
2.772214621377903968e+05
2.772214621377906878e+05
2.772214621377893491e+05
2.772214621377893491e+05
2.772214621377894073e+05
2.772214621377902804e+05
2.772214621377905714e+05
2.772214621377903386e+05
2.772214621377901058e+05
2.772214621377896401e+05
2.772214621377892909e+05
2.772214621377881267e+05
2.772214621377891744e+05
2.772214621377876610e+05
2.772214621377887670e+05
2.772214621377884177e+05
2.772214621377882431e+05
2.772214621377879521e+05
2.772214621377880685e+05
2.772214621377884177e+05
2.772214621377864387e+05
2.772214621377857984e+05
2.772214621377854492e+05
2.772214621377862059e+05
2.772214621377854492e+05
2.772214621377855074e+05
2.772214621377856238e+05
2.772214621377854492e+05
2.772214621377855656e+05
2.772214621377830044e+05
2.772214621377856820e+05
2.772214621377855074e+05
2.772214621377855656e+05
2.772214621377840522e+05
2.772214621377839358e+05
2.772214621377842268e+05
2.772214621377816075e+05
2.772214621377839358e+05
2.772214621377848089e+05
2.772214621377835283e+05
2.772214621377814328e+05
2.772214621377810254e+05
2.772214621377833537e+05
2.772214621377831209e+05
2.772214621377821313e+05
2.772214621377818985e+05
2.772214621377825388e+05
2.772214621377811418e+05
2.772214621377818403e+05
2.772214621377820149e+05
2.772214621377813746e+05
2.772214621377817239e+05
2.772214621377805597e+05
2.772214621377812582e+05
2.772214621377795120e+05
2.772214621377803269e+05
2.772214621377806179e+05
2.772214621377799776e+05
2.772214621377795702e+05
2.772214621377777075e+05
2.772214621377782314e+05
2.772214621377785807e+05
2.772214621377777657e+05
2.772214621377789881e+05
2.772214621377788135e+05
2.772214621377773001e+05
2.772214621377788135e+05
2.772214621377771255e+05
2.772214621377773583e+05
2.772214621377770673e+05
2.772214621377776493e+05
2.772214621377782896e+05
2.772214621377770673e+05
2.772214621377768344e+05
2.772214621377760777e+05
2.772214621377758449e+05
2.772214621377758449e+05
2.772214621377754374e+05
2.772214621377759613e+05
2.772214621377747389e+05
2.772214621377746225e+05
2.772214621377747972e+05
2.772214621377756703e+05
2.772214621377741569e+05
2.772214621377755539e+05
2.772214621377746807e+05
2.772214621377745643e+05
2.772214621377732255e+05
2.772214621377734002e+05
2.772214621377724106e+05
2.772214621377729345e+05
2.772214621377738658e+05
2.772214621377722942e+05
2.772214621377727599e+05
2.772214621377709555e+05
2.772214621377726435e+05
2.772214621377707226e+05
2.772214621377720032e+05
2.772214621377703734e+05
2.772214621377708390e+05
2.772214621377705480e+05
2.772214621377693838e+05
2.772214621377707808e+05
2.772214621377709555e+05
2.772214621377713047e+05
2.772214621377702570e+05
2.772214621377690928e+05
2.772214621377688600e+05
2.772214621377690346e+05
2.772214621377693838e+05
2.772214621377694421e+05
2.772214621377685107e+05
2.772214621377683943e+05
2.772214621377688600e+05
2.772214621377672884e+05
2.772214621377682779e+05
2.772214621377680451e+05
2.772214621377682197e+05
2.772214621377667645e+05
2.772214621377655421e+05
2.772214621377685107e+05
2.772214621377666481e+05
2.772214621377661824e+05
2.772214621377666481e+05
2.772214621377650183e+05
2.772214621377658332e+05
2.772214621377648436e+05
2.772214621377650183e+05
2.772214621377643780e+05
2.772214621377640287e+05
2.772214621377657750e+05
2.772214621377653675e+05
2.772214621377654257e+05
2.772214621377635631e+05
2.772214621377653675e+05
2.772214621377624571e+05
2.772214621377638541e+05
2.772214621377637377e+05
2.772214621377636795e+05
2.772214621377622825e+05
2.772214621377633885e+05
2.772214621377630392e+05
2.772214621377615258e+05
2.772214621377627482e+05
2.772214621377615840e+05
2.772214621377614094e+05
2.772214621377617004e+05
2.772214621377622825e+05
2.772214621377614094e+05
2.772214621377622243e+05
2.772214621377616422e+05
2.772214621377600706e+05
2.772214621377612348e+05
2.772214621377606527e+05
2.772214621377603617e+05
2.772214621377603617e+05
2.772214621377596632e+05
2.772214621377604199e+05
2.772214621377594303e+05
2.772214621377603034e+05
2.772214621377593721e+05
2.772214621377586736e+05
2.772214621377593139e+05
2.772214621377596050e+05
2.772214621377590811e+05
2.772214621377579751e+05
2.772214621377564617e+05
2.772214621377565782e+05
2.772214621377580916e+05
2.772214621377568692e+05
2.772214621377561125e+05
2.772214621377562871e+05
2.772214621377571602e+05
2.772214621377555304e+05
2.772214621377558215e+05
2.772214621377566946e+05
2.772214621377564035e+05
2.772214621377557050e+05
2.772214621377550648e+05
2.772214621377560543e+05
2.772214621377549483e+05
2.772214621377545991e+05
2.772214621377546573e+05
2.772214621377542499e+05
2.772214621377548319e+05
2.772214621377543663e+05
2.772214621377552976e+05
2.772214621377541334e+05
2.772214621377516305e+05
2.772214621377531439e+05
2.772214621377529111e+05
2.772214621377525618e+05
2.772214621377523290e+05
2.772214621377529693e+05
2.772214621377530857e+05
2.772214621377518051e+05
2.772214621377517469e+05
2.772214621377507574e+05
2.772214621377515723e+05
2.772214621377497097e+05
2.772214621377504081e+05
2.772214621377511066e+05
2.772214621377494186e+05
2.772214621377512813e+05
2.772214621377493022e+05
2.772214621377501753e+05
2.772214621377500589e+05
2.772214621377498261e+05
2.772214621377483709e+05
2.772214621377499425e+05
2.772214621377483127e+05
2.772214621377491858e+05
2.772214621377482545e+05
2.772214621377488365e+05
2.772214621377472067e+05
2.772214621377474396e+05
2.772214621377482545e+05
2.772214621377475560e+05
2.772214621377468575e+05
2.772214621377481380e+05
2.772214621377461590e+05
2.772214621377461008e+05
2.772214621377447620e+05
2.772214621377455187e+05
2.772214621377448202e+05
2.772214621377455187e+05
2.772214621377451695e+05
2.772214621377450530e+05
2.772214621377447620e+05
2.772214621377447038e+05
2.772214621377449366e+05
2.772214621377439471e+05
2.772214621377445292e+05
2.772214621377445874e+05
2.772214621377442381e+05
2.772214621377424919e+05
2.772214621377427247e+05
2.772214621377426665e+05
2.772214621377438307e+05
2.772214621377426083e+05
2.772214621377431322e+05
2.772214621377417934e+05
2.772214621377441217e+05
2.772214621377415606e+05
2.772214621377422591e+05
2.772214621377422591e+05
2.772214621377408621e+05
2.772214621377404546e+05
2.772214621377416770e+05
2.772214621377418516e+05
2.772214621377415024e+05
2.772214621377419680e+05
2.772214621377412695e+05
2.772214621377394651e+05
2.772214621377405711e+05
2.772214621377388830e+05
2.772214621377383592e+05
2.772214621377393487e+05
2.772214621377383010e+05
2.772214621377388248e+05
2.772214621377384174e+05
2.772214621377398144e+05
2.772214621377384174e+05
2.772214621377374860e+05
2.772214621377383010e+05
2.772214621377372532e+05
2.772214621377383010e+05
2.772214621377382427e+05
2.772214621377375443e+05
2.772214621377374860e+05
2.772214621377371950e+05
2.772214621377370204e+05
2.772214621377363219e+05
2.772214621377369040e+05
2.772214621377366129e+05
2.772214621377359144e+05
2.772214621377355070e+05
2.772214621377357398e+05
2.772214621377345757e+05
2.772214621377362637e+05
2.772214621377337608e+05
2.772214621377355652e+05
2.772214621377339936e+05
2.772214621377328294e+05
2.772214621377339354e+05
2.772214621377335861e+05
2.772214621377331205e+05
2.772214621377342846e+05
2.772214621377337608e+05
2.772214621377337608e+05
2.772214621377329458e+05
2.772214621377330041e+05
2.772214621377323056e+05
2.772214621377317235e+05
2.772214621377318399e+05
2.772214621377323056e+05
2.772214621377317817e+05
2.772214621377316653e+05
2.772214621377318399e+05
2.772214621377302683e+05
2.772214621377319563e+05
2.772214621377306757e+05
2.772214621377301519e+05
2.772214621377295116e+05
2.772214621377311414e+05
2.772214621377301519e+05
2.772214621377299773e+05
2.772214621377284057e+05
2.772214621377305593e+05
2.772214621377281728e+05
2.772214621377292788e+05
2.772214621377279400e+05
2.772214621377283474e+05
2.772214621377286967e+05
2.772214621377285803e+05
2.772214621377272997e+05
2.772214621377295698e+05
2.772214621377268923e+05
2.772214621377290459e+05
2.772214621377275325e+05
2.772214621377265430e+05
2.772214621377271833e+05
2.772214621377267176e+05
2.772214621377267758e+05
2.772214621377268923e+05
2.772214621377256699e+05
2.772214621377254371e+05
2.772214621377257863e+05
2.772214621377249714e+05
2.772214621377250878e+05
2.772214621377238072e+05
2.772214621377242729e+05
2.772214621377237490e+05
2.772214621377240401e+05
2.772214621377237490e+05
2.772214621377227595e+05
2.772214621377241565e+05
2.772214621377252042e+05
2.772214621377224103e+05
2.772214621377232834e+05
2.772214621377222938e+05
2.772214621377215954e+05
2.772214621377224685e+05
2.772214621377228759e+05
2.772214621377224103e+05
2.772214621377213043e+05
2.772214621377221774e+05
2.772214621377212461e+05
2.772214621377210715e+05
2.772214621377216536e+05
2.772214621377207804e+05
2.772214621377208387e+05
2.772214621377195581e+05
2.772214621377204312e+05
2.772214621377196163e+05
2.772214621377193253e+05
2.772214621377213043e+05
2.772214621377202566e+05
2.772214621377197327e+05
2.772214621377196163e+05
2.772214621377191506e+05
2.772214621377189178e+05
2.772214621377186850e+05
2.772214621377181029e+05
