5.250892695897483645e+04
5.338366599380475964e+04
5.427682179906673264e+04
5.516026937753343373e+04
5.600382832273987151e+04
5.677636412455372920e+04
5.744711531799491058e+04
5.798715538234071573e+04
5.837087177411976882e+04
5.857733770053801709e+04
5.859146694620783819e+04
5.840487356841065775e+04
5.801639706917653530e+04
5.743228897819678241e+04
5.666608050747168454e+04
5.573816012516371848e+04
5.467508728319176589e+04
5.350866121138438029e+04
5.227476065996795660e+04
5.101197967882403464e+04
4.976010970062525303e+04
4.855855601520523487e+04
4.744481552584688325e+04
4.645316474330945493e+04
4.561369539465798152e+04
4.495178314894196228e+04
4.448799270021311531e+04
4.423833374887434911e+04
4.421471395912347361e+04
4.442540337254618498e+04
4.487533112690492999e+04
4.556606957384383713e+04
4.649541099592917453e+04
4.765650150044800102e+04
4.903656596378923132e+04
5.061534158263220888e+04
5.236343720369927905e+04
5.424094182104324136e+04
5.619669185067216313e+04
5.816862906841353106e+04
6.008559035469748051e+04
6.187063946038997528e+04
6.344570763046525099e+04
6.473695233369732887e+04
6.568001283263484947e+04
6.622435112532465428e+04
6.633612853367107164e+04
6.599947438714750751e+04
6.521638627473864472e+04
6.400572596395575965e+04
6.240179639407851209e+04
6.045284243047911878e+04
5.821958936635735881e+04
5.577369420978102426e+04
5.319579627674230869e+04
5.057277192461917002e+04
4.799388703222452023e+04
4.554585435264467378e+04
4.330732227107304789e+04
4.134386955724298605e+04
3.970482043675183377e+04
3.842282984483701148e+04
3.751628394431101333e+04
3.699361206293682335e+04
3.685815543565044936e+04
3.711241062829186558e+04
3.776095567820877477e+04
3.881180045988655911e+04
4.027610851556624402e+04
4.216624780002446641e+04
4.449206211223518039e+04
4.725524415988160035e+04
5.044185974708759022e+04
5.401353153047840169e+04
5.789858981106627471e+04
6.198551191295422177e+04
6.612176153253715893e+04
7.012094287677017564e+04
7.377928359440543863e+04
7.689897070054938376e+04
7.931235240330782835e+04
8.089989022655130248e+04
8.159724576572650403e+04
8.139160415586452291e+04
8.031124886983358010e+04
7.841353141658670211e+04
7.577506827450734272e+04
7.248584890705566795e+04
6.864721034563773719e+04
6.437266455787691666e+04
5.979010845982017781e+04
5.504365579921608150e+04
5.029304179572133580e+04
4.570841818179217080e+04
4.145890043920035532e+04
3.769517332048698154e+04
3.452999943174212967e+04
3.202404084593293373e+04
3.018447863441245136e+04
2.897821674276253543e+04
2.835342640054112780e+04
2.825992932371478310e+04
2.866254088720954678e+04
2.954702348416005771e+04
3.092105006461956145e+04
3.281239301836010418e+04
3.526528753854041133e+04
3.833476273205215693e+04
4.207799154106334026e+04
4.654141939043847378e+04
5.174274726398968050e+04
5.764811320531769888e+04
6.414739108057641715e+04
7.103428098395545385e+04
7.800144471305485058e+04
8.466130207696955767e+04
9.059665323934589105e+04
9.543153106286532420e+04
9.889827338280137337e+04
1.008737448093263374e+05
1.013722393280291144e+05
1.005054939431166713e+05
9.843355721908339183e+04
9.532641801734003820e+04
9.134365141542858328e+04
8.662939636404864723e+04
8.131660517856948718e+04
7.553528733984188875e+04
6.942123568624672771e+04
6.312295699565392715e+04
5.680507723031332716e+04
5.064676903089505504e+04
4.483425837212750776e+04
3.954753088656609179e+04
3.494294844165435643e+04
3.113523189172476486e+04
2.818362248724399615e+04
2.608736545488956472e+04
2.479412881833393112e+04
2.422084280315748401e+04
2.428065824249534489e+04
2.490630246593907577e+04
2.606290114762793746e+04
2.774998748831939520e+04
2.999661172014634940e+04
3.285310542894977698e+04
3.638085924770132260e+04
4.063993877124297433e+04
4.567406126988629694e+04
5.149310220972386014e+04
5.805452771950952592e+04
6.524656654804127902e+04
7.287706953717611032e+04
8.067238283172497177e+04
8.828986895502725383e+04
9.534584533737564925e+04
1.014576522539644211e+05
1.062942809180851909e+05
1.096249260094698548e+05
1.113511154558363341e+05
1.115099305527340330e+05
1.102461142731467262e+05
1.077652091299550229e+05
1.042875047557143844e+05
1.000174982943129580e+05
9.513176040139904944e+04
8.977960853266529739e+04
8.408934481596136175e+04
7.817518860929984658e+04
7.214291892752941931e+04
6.609409919886264834e+04
6.012944347323239344e+04
5.435168351525045728e+04
4.886758944842861092e+04
4.378807689524182933e+04
3.922513098613981856e+04
3.528487137670107040e+04
3.205732635721733095e+04
2.960501251982635586e+04
2.795387479486285520e+04
2.709091592782468797e+04
2.697167584740048915e+04
2.753658028573808406e+04
2.872976986678654066e+04
3.051222369493557562e+04
3.286523741560676717e+04
3.578617909273529222e+04
3.928062050257134979e+04
4.335365745509200497e+04
4.800146095683747262e+04
5.320334443314827513e+04
5.891471237701283826e+04
6.506138764035864006e+04
7.153541456670222396e+04
7.819187101286742836e+04
8.484663014504178136e+04
9.127673713997013692e+04
9.722692402637381747e+04
1.024262093025404029e+05
1.066164889123306348e+05
1.095901546340505156e+05
1.112271390618297737e+05
1.115171155263447727e+05
1.105552309703042702e+05
1.085113329264892382e+05
1.055860905118744122e+05
1.019718430515029031e+05
9.782898278833988297e+04
9.327848874888429418e+04
8.840595376619326998e+04
8.327245154983983957e+04
7.792893676317940117e+04
7.243101096262592182e+04
6.685038443986630591e+04
6.128014604981112643e+04
5.583345729809810291e+04
5.063763062722913310e+04
4.582593063179893943e+04
4.152827098608091910e+04
3.786093518758995197e+04
3.491552369802731846e+04
3.274848196996711704e+04
3.137417569768689282e+04
3.076542187772830948e+04
3.086402447929504706e+04
3.159937191365988838e+04
3.290799344393210049e+04
3.474622851303853531e+04
3.709308963985543960e+04
3.994572092553605762e+04
4.331123522948373284e+04
4.719749179823380109e+04
5.160431144163643330e+04
5.651618382351848413e+04
6.189672472411544732e+04
6.768389410883242090e+04
7.378462116164150939e+04
8.006876052108450676e+04
8.636424338096792053e+04
9.245668211014772533e+04
9.809719599904018105e+04
1.030215990510534320e+05
1.069815531502621889e+05
1.097832307772677304e+05
1.113226233904792753e+05
1.116030331129241385e+05
1.107247454770476033e+05
1.088497114444238687e+05
1.061567870580500021e+05
1.028054618635707302e+05
9.891777122502707061e+04
9.457811122082761722e+04
8.984539206273136369e+04
8.477069090237896307e+04
7.941375676909086178e+04
7.385323667702713283e+04
6.818892990355106303e+04
6.253815636939623073e+04
5.702978097623512440e+04
5.179812420285335247e+04
4.697688784479135938e+04
4.269212441125776240e+04
3.905348556436542276e+04
3.614406575372612861e+04
3.401071979393738729e+04
3.265832708670135980e+04
3.205207564772835394e+04
3.212987177782015715e+04
3.282199396122704638e+04
3.407023089562769746e+04
3.583898914432070887e+04
3.811630088673611317e+04
4.090757377663706575e+04
4.422594385704521846e+04
4.808208488771039993e+04
5.247542830925328599e+04
5.738780746739581809e+04
6.277898610281878064e+04
6.858229408733882883e+04
7.469905431527683686e+04
8.099234872788742359e+04
8.728249875705572776e+04
9.334769855296745664e+04
9.893352885002002586e+04
1.037742208153807296e+05
1.076256115164626535e+05
1.103042679816890013e+05
1.117209005283291917e+05
1.118935870450367220e+05
1.109324656270963169e+05
1.090013048506228224e+05
1.062730267922402709e+05
1.028965041623158322e+05
9.898257258024699695e+04
9.460753599282956566e+04
8.982772201194295485e+04
8.469756503298271855e+04
7.928435763471182145e+04
7.367542744674424466e+04
6.797770643163213390e+04
6.231290087371962727e+04
5.681165943213282299e+04
5.160812675485682848e+04
4.683435230303655408e+04
4.261340159308674629e+04
3.905054027917534404e+04
3.622307169486272323e+04
3.417101943967410625e+04
3.289239636834724661e+04
3.234711554070847342e+04
3.247105804497908684e+04
3.319640374698689266e+04
3.446989921772404341e+04
3.626209979500056215e+04
3.856658405219564884e+04
4.139256957152084215e+04
4.475479914958532027e+04
4.866339894686189655e+04
5.311551394677353528e+04
5.808948248251900804e+04
6.354067174360842910e+04
6.939706017499028530e+04
7.555348368146154098e+04
8.186548158043964941e+04
8.814539593685393629e+04
9.416427653142687632e+04
9.966326092452651937e+04
1.043769656157826103e+05
1.080680872807350679e+05
1.105665979432646709e+05
1.118007675667186268e+05
1.118058294538938790e+05
1.107038890699394105e+05
1.086629818546715105e+05
1.058533779814443405e+05
1.024173322415534349e+05
9.845834605216166528e+04
9.404707008407911053e+04
8.923708312962617492e+04
8.408301197219257301e+04
7.865432250127142470e+04
7.304111013981119322e+04
6.735260412545406143e+04
6.171196406259082869e+04
5.625055158451134048e+04
5.110261630722011614e+04
4.639958868351095589e+04
4.226282432238349429e+04
3.879435705929224787e+04
3.606653778932815476e+04
3.411309114988424699e+04
3.292555905678135605e+04
3.245901154194247283e+04
3.264774699352506650e+04
3.342603100497553532e+04
3.474521514660405228e+04
3.658110758830181294e+04
3.893167733954230061e+04
4.180889617714820633e+04
4.522840258500073833e+04
4.919947487110926158e+04
5.371699923439003760e+04
5.875600604673246562e+04
6.426764388499388588e+04
7.017463192542039906e+04
7.636537890357065771e+04
8.268804629070636292e+04
8.894740206304233288e+04
9.490807360881382192e+04
1.003078033801629936e+05
1.048828996166602592e+05
1.084042817328718083e+05
1.107163846870429843e+05
1.117653932989362365e+05
1.116031853814870410e+05
1.103627311774733244e+05
1.082152192903607065e+05
1.053276223623347760e+05
1.018355061455648683e+05
9.783534555396370706e+04
9.339252946094899380e+04
8.855809617740067188e+04
8.338672866365803930e+04
7.794961304073876818e+04
7.233907018859496748e+04
6.666627613167192612e+04
6.105581413655949291e+04
5.563995404650042474e+04
5.055325317682924651e+04
4.592654680495619687e+04
4.187925580502142839e+04
3.850976757754199207e+04
3.588503964892567456e+04
3.403224785250877176e+04
3.293659197023799061e+04
3.254885017862476889e+04
3.280252049855799123e+04
3.363461136980566516e+04
3.500134457263327204e+04
3.688364938910801720e+04
3.928352025693130417e+04
4.221524869863745698e+04
4.569497179815013806e+04
4.973082113622256293e+04
5.431523374894549488e+04
5.941980247340797359e+04
6.499132789330325613e+04
7.094713675924918789e+04
7.716912667927514121e+04
8.349810177734777972e+04
8.973143103608426463e+04
9.562772609252353141e+04
1.009220476538692310e+05
1.053533905182025337e+05
1.087019675004936580e+05
1.108274439172726270e+05
1.116939787448763527e+05
1.113693004588312033e+05
1.099959039420563349e+05
1.077468279030553385e+05
1.047849341068318754e+05
1.012388815767389315e+05
9.719835428045703156e+04
9.272395839844048896e+04
8.786473077889326669e+04
8.267587705832751817e+04
7.723063317420268140e+04
7.162374392933340278e+04
6.596843000328051858e+04
6.039069592029734486e+04
5.502358776453744940e+04
5.000168758724432701e+04
4.545480995241084747e+04
4.149992017112956091e+04
3.823123922075011069e+04
3.570995252808387886e+04
3.395660878373829473e+04
3.295040884525292495e+04
3.263857812696025940e+04
3.295469769715155417e+04
3.383918540416659380e+04
3.525337590785163047e+04
3.718319140128627623e+04
3.963432263157640409e+04
4.262297976587503945e+04
4.616538646036797581e+04
5.026814696787259163e+04
5.492094875333475647e+04
6.009174879585165763e+04
6.572287067850740277e+04
7.172613566429697676e+04
7.797681942471840011e+04
8.430831944266322535e+04
9.051073143389377219e+04
9.633705813156091608e+04
1.015204088810198300e+05
1.058034552605977369e+05
1.089767236229152331e+05
1.109157591881838161e+05
1.116025896823131770e+05
1.111198743940408458e+05
1.096182839310730051e+05
1.072714992277118145e+05
1.042375722350944561e+05
1.006381151537194964e+05
9.655632499116715917e+04
9.204862908319036069e+04
8.716279552154998237e+04
8.195520797192661848e+04
7.650156609643473348e+04
7.089917477485803829e+04
6.526322881688467896e+04
5.972095880161631067e+04
5.440590024962802272e+04
4.945228138073006266e+04
4.498843917971551127e+04
4.112839923126062058e+04
3.796178770982138667e+04
3.554376004805893899e+04
3.388829083914310468e+04
3.296903940825477912e+04
3.273046295953321169e+04
3.310705348883519764e+04
3.404318182260108006e+04
3.550541582970566378e+04
3.748445043128201360e+04
3.998926438257811969e+04
4.303751270313443820e+04
4.664506795520452579e+04
5.081669213365950418e+04
5.553915430401113554e+04
6.077668256279395428e+04
6.646700787043197488e+04
7.251628244285457185e+04
7.879301206462459231e+04
8.512314765798651206e+04
9.128966251589391322e+04
9.704036981618734717e+04
1.021071645630831772e+05
1.062373793372103246e+05
1.092328172658083349e+05
1.109854329263487016e+05
1.114948809533471504e+05
1.108577502948480396e+05
1.092315520419358945e+05
1.067895014836476330e+05
1.036843108656982367e+05
1.000306337179532420e+05
9.590572804234089563e+04
9.136261463960510446e+04
8.644853835328599962e+04
8.122157303719985066e+04
7.576007746395190770e+04
7.016385354273492703e+04
6.454986514765998436e+04
5.904630030433135107e+04
5.378687496154470136e+04
4.890511559126786597e+04
4.452749829981652147e+04
4.076471136583155749e+04
3.770144205152055656e+04
3.538665177406638395e+04
3.382789281101767847e+04
3.299379656505196908e+04
3.282679578665439476e+04
3.326297208166237397e+04
3.425098553553081001e+04
3.576257216177622468e+04
3.779287778128153150e+04
4.035377132542524487e+04
4.346399184815620538e+04
4.713878179738572362e+04
5.138086806388326659e+04
5.617396890260014334e+04
6.147846249264127982e+04
6.722733773308069794e+04
7.332090190225538390e+04
7.962073273421444173e+04
8.594527292505821970e+04
9.207051235729397740e+04
9.773950884545437293e+04
1.026836985785792203e+05
1.066560466953279974e+05
1.094705397130688361e+05
1.110359813393098157e+05
1.113693349959848274e+05
1.105801335554463149e+05
1.088315502282279922e+05
1.062954931040254014e+05
1.031190756581028691e+05
9.941024298755741620e+04
9.524086300300888252e+04
9.066118447425586055e+04
8.571846106054635311e+04
8.047274770107513177e+04
7.500508067359909182e+04
6.941759130691143218e+04
6.382878163354956632e+04
5.836756953280431480e+04
5.316761898370445124e+04
4.836147822374536190e+04
4.407342557375228353e+04
4.041045413996020943e+04
3.745202840612078580e+04
3.524082563292397390e+04
3.377817347679143131e+04
3.302816249777191842e+04
3.293182713891243475e+04
3.342734212853632926e+04
3.446784712639593636e+04
3.603014368569473299e+04
3.811358065043119132e+04
4.073263782310431998e+04
4.390686873003164510e+04
4.765064590721354034e+04
5.196447543492176192e+04
5.682888836572031141e+04
6.220027111058498122e+04
6.800667335463070776e+04
7.414232347175071482e+04
8.046167672262527049e+04
8.677560273485186917e+04
9.285326350760176138e+04
9.843342797555714787e+04
1.032478888538528554e+05
1.070562922291005525e+05
1.096857736956496083e+05
1.110624617706702556e+05
1.112203603022496391e+05
1.102810529604523181e+05
1.084123109765663539e+05
1.057839632280963851e+05
1.025372393614313623e+05
9.877351843838264176e+04
9.455968464214882988e+04
8.994370186496834503e+04
8.497322390124783851e+04
7.971046617991986568e+04
7.423911485508659098e+04
6.866349088125943672e+04
6.310346125550233410e+04
5.768847641922470939e+04
5.255190217233182193e+04
4.782500370940422727e+04
4.362952528966693353e+04
4.006846530639639968e+04
3.721589616410644521e+04
3.510825232874734502e+04
3.374091900701691338e+04
3.307392333685920312e+04
3.304743471450068319e+04
3.360211488959448616e+04
3.469571460987399769e+04
3.630999987659920589e+04
3.844829669475770788e+04
4.112743059646892652e+04
4.436750986031939829e+04
4.818180733586701535e+04
5.256841640938617638e+04
5.750450572576963896e+04
6.294227604955391143e+04
6.880461708319744503e+04
7.497945961053280917e+04
8.131397518562505138e+04
8.761144860963869723e+04
9.363447153835861536e+04
9.911813372749087284e+04
1.037955226783322723e+05
1.074340706746865326e+05
1.098750237894991005e+05
1.110622527995559067e+05
1.110464203710424190e+05
1.099601340852886788e+05
1.079745971654891327e+05
1.052567372856897564e+05
1.019416014315018256e+05
9.812413657342900115e+04
9.386662507349658699e+04
8.921519783681468107e+04
8.421827746726351324e+04
7.894042024930630578e+04
7.346793501972738886e+04
6.790715661987604108e+04
6.237907358880082029e+04
5.701341010519145493e+04
5.194297459127055481e+04
4.729750050294931862e+04
4.319599946700234432e+04
3.973737692092334328e+04
3.699033448776601290e+04
3.498520102791433601e+04
3.371168786317364720e+04
3.312617244014234893e+04
3.316843725413593347e+04
3.378198693716067646e+04
3.492927870747267298e+04
3.659690731727551611e+04
3.879192760313277540e+04
4.153322968230936385e+04
4.484118663081396517e+04
4.872769583376950322e+04
5.318821497889601596e+04
5.819639064189307828e+04
6.370010106754519074e+04
6.961691798469432979e+04
7.582830851217878808e+04
8.217406151390340528e+04
8.844993604855617741e+04
9.441224086115225509e+04
9.979296121464521275e+04
1.043273681733774865e+05
1.077917559187161387e+05
1.100423690001836658e+05
1.110410534005317895e+05
1.108545132795478276e+05
1.096252044216506765e+05
1.075266005219484941e+05
1.047220091732523142e+05
1.013401069663073722e+05
9.746963008116466517e+04
9.316872060077173228e+04
8.848219206960346492e+04
8.345960664516378893e+04
7.816796182150879758e+04
7.269605124060431262e+04
6.715198757967125857e+04
6.165765694543933205e+04
5.634286681058823888e+04
5.133970353791523667e+04
4.677624788757474016e+04
4.276871800328385143e+04
3.941190494034821313e+04
3.676913461344847019e+04
3.486467920359210984e+04
3.368277871583984961e+04
3.317658259116222325e+04
3.328603076871094527e+04
3.395790213543411664e+04
3.515950577415202861e+04
3.688213038321187196e+04
3.913624524283926439e+04
4.194241311858047266e+04
4.532089686970655021e+04
4.928194193757665198e+04
5.381821580186794017e+04
5.889974627620924730e+04
6.446995483976508694e+04
7.044089202206846676e+04
7.668733732219506055e+04
8.304152906721975887e+04
8.929168058782868320e+04
9.518807447653808049e+04
1.004602465884742269e+05
1.048466871317393088e+05
1.081337090412179386e+05
1.101933782633565716e+05
1.110055718488902348e+05
1.106522191196698404e+05
1.092843050368157274e+05
1.070763633855586813e+05
1.041874165989654139e+05
1.007397256299395376e+05
9.681620793951734959e+04
9.247142912423994858e+04
8.774938314725486271e+04
8.270105712597568345e+04
7.739594237661108491e+04
7.192521383505716221e+04
6.639859198379008740e+04
6.093867993162495259e+04
5.567522287054968911e+04
5.073951673794515227e+04
4.625799443763774616e+04
4.234409081445655465e+04
3.908841563991821022e+04
3.654875909321415384e+04
3.474319664523989923e+04
3.365058205915025610e+04
3.322125956086238148e+04
3.339594381368163158e+04
3.412519995736247802e+04
3.538140177455625235e+04
3.716045279832914821e+04
3.947597474409703136e+04
4.234987225225989096e+04
4.580197936394077988e+04
4.984061908842867706e+04
5.445543528460431116e+04
5.961259658213285729e+04
6.525078819235167612e+04
7.127623533020808827e+04
7.755675167934791534e+04
8.391685129897217848e+04
9.013724706581923238e+04
9.596258619746025943e+04
1.011207618194909301e+05
1.053546310841937666e+05
1.084617165636048594e+05
1.103306504165461520e+05
1.109592143253009708e+05
1.104435575269540277e+05
1.089417945086151012e+05
1.066283519170461368e+05
1.036573881171519315e+05
1.001447476431018731e+05
9.616790559213496454e+04
9.177838575321354438e+04
8.701986765736594680e+04
8.194508497926655400e+04
7.662608834207722975e+04
7.115630020649463404e+04
6.564686382155676256e+04
6.022100484138252068e+04
5.500846149046695791e+04
5.013989575315469119e+04
4.574021974106514972e+04
4.192003941839319305e+04
3.876550780181821028e+04
3.632848380736594845e+04
3.462057491906995710e+04
3.361531011346667947e+04
3.326062998398405762e+04
3.349857213921247603e+04
3.428395554113836261e+04
3.559450057746232778e+04
3.743082412089253921e+04
3.980963133553533407e+04
4.275394399394041830e+04
4.628283205383741733e+04
5.040233021635785553e+04
5.509872288904703601e+04
6.033401456824562047e+04
6.604184710413713765e+04
7.212229740564424719e+04
7.843591113396876608e+04
8.479929527546993631e+04
9.098574682950062561e+04
9.673477026827269583e+04
1.017735539963034680e+05
1.058505479199083493e+05
1.087756276449170109e+05
1.104545890627156332e+05
1.109028633265527751e+05
1.102297950211319112e+05
1.085992934321882931e+05
1.061845594868275512e+05
1.031342742253072502e+05
9.955777963525521045e+04
9.552742494994217122e+04
9.109220830250330619e+04
8.629597060135910579e+04
8.119345161398577329e+04
7.585929522263667604e+04
7.038912118787888903e+04
6.489552672998661728e+04
5.950254580708064896e+04
5.434019033309978113e+04
4.953870194884007651e+04
4.522144830472754256e+04
4.149588717671616178e+04
3.844321012138188962e+04
3.610887228217603842e+04
3.449778181817459699e+04
3.357826946547319676e+04
3.329631398706883920e+04
3.359581208652881469e+04
3.443622615498097730e+04
3.580080749604837183e+04
3.769495109819516802e+04
4.013844013699479547e+04
4.315530615711744758e+04
4.676362976920453366e+04
5.096686612303027505e+04
5.574763691015131917e+04
6.106345265286834911e+04
6.684251233436679468e+04
7.297829790299339220e+04
7.932371147835672309e+04
8.568731295223666530e+04
9.183521319546898303e+04
9.750242779668602452e+04
1.024164742766553100e+05
1.063326328373672004e+05
1.090742226828988933e+05
1.105646887341434485e+05
1.108366914654590946e+05
1.100115949297771440e+05
1.082577232963413844e+05
1.057460092553376162e+05
1.026191582824798825e+05
9.897997251909074839e+04
9.489593186050669465e+04
9.041390299018888618e+04
8.557826736568173510e+04
8.044602657309993810e+04
7.509456949220056413e+04
6.962189288512045459e+04
6.414235612379631493e+04
5.878117933564308623e+04
5.366890300910882070e+04
4.893530960664740269e+04
4.470187211039631802e+04
4.107236804108601791e+04
3.812249608575386083e+04
3.589094598525272158e+04
3.437587022631002765e+04
3.354069215766306297e+04
3.332992670703879412e+04
3.368977414801670238e+04
3.458457429725010297e+04
3.600317550985875278e+04
3.795575090683490998e+04
4.046513299444427685e+04
4.355629814896595781e+04
4.724622694174743083e+04
5.153561881080094463e+04
5.640314487802139774e+04
6.180139245717797166e+04
6.765260786733942223e+04
7.384323156860290328e+04
8.021827908520954952e+04
8.657830762456756202e+04
9.268262004423321923e+04
9.826248054204903019e+04
1.030467883033534599e+05
1.067988251886940125e+05
1.093562750252111291e+05
1.106604881584703398e+05
1.107607571965957031e+05
1.097892483823188231e+05
1.079173890785075055e+05
1.053128895140703389e+05
1.021120353507213440e+05
9.841107083996001165e+04
9.427285064523135952e+04
8.974246124334745400e+04
8.486518066498922417e+04
7.970061802404851187e+04
7.432929822384299769e+04
6.885205151436546294e+04
6.338541496003700740e+04
5.805599685275150841e+04
5.299476627679231024e+04
4.833070011099908879e+04
4.418291106169398699e+04
4.065102465788480913e+04
3.780485438897713175e+04
3.567610216536895314e+04
3.425620969978931680e+04
3.350403868580627750e+04
3.336316711414516612e+04
3.378255806279357057e+04
3.473162418367653299e+04
3.620475000237917993e+04
3.821672967255944241e+04
4.079333453866365016e+04
4.396042952046509163e+04
4.773379756683366577e+04
5.211116733426575229e+04
5.706693302981297893e+04
6.254838482487331203e+04
6.847147359168237017e+04
7.471535476280652802e+04
8.111706837199009897e+04
8.746928761572577059e+04
9.352488466181029798e+04
9.901204820846133225e+04
1.036620249184992135e+05
1.072471994006773020e+05
1.096204824760819902e+05
1.107412930684506864e+05
1.106748190473272698e+05
1.095626884331339243e+05
1.075780880010776309e+05
1.048846110518183996e+05
1.016117614908063115e+05
9.784925240023135848e+04
9.365558806885906961e+04
8.907453454859727935e+04
8.415285674420192663e+04
7.895339287001613411e+04
7.356033265451442276e+04
6.807766730248319800e+04
6.262418278247221315e+04
5.732771717665255710e+04
5.231936660959729488e+04
4.772694032796537067e+04
4.366680908865904348e+04
4.023406625851892022e+04
3.749231785756569298e+04
3.546613386627838190e+04
3.414040968626607355e+04
3.346992633581909467e+04
3.339791531426933216e+04
3.387650081557856174e+04
3.488024304418868996e+04
3.640892001085165248e+04
3.848173859101104608e+04
4.112718765267780691e+04
4.437178638753121049e+04
4.822990019272663631e+04
5.269611322572778590e+04
5.774039904082624707e+04
6.330459757844928390e+04
6.929820034196761844e+04
7.559294041743449634e+04
8.201781367536746257e+04
8.835767056036372378e+04
9.435926367558901256e+04
9.974839473765152798e+04
1.042597042911552126e+05
1.076758044658230210e+05
1.098655623742468160e+05
1.108063847252432170e+05
1.105784101045914576e+05
1.093313122920770111e+05
1.072387178847199393e+05
1.044592571452653356e+05
1.011153654560701252e+05
9.729043186218163464e+04
9.303919845116957731e+04
8.840490795131631603e+04
8.343658893975293904e+04
7.820085650624535629e+04
7.278578602554912504e+04
6.729846266875878791e+04
6.185969032512204285e+04
5.659826303596767684e+04
5.164513886365011422e+04
4.712668320326940739e+04
4.315621019957363023e+04
3.982395890419773787e+04
3.718709636013927229e+04
3.526304230738257320e+04
3.403041945436551759e+04
3.344044638030454371e+04
3.343656408329195983e+04
3.397440405171343446e+04
3.503370577882718499e+04
3.661941858333069831e+04
3.875480537648408790e+04
4.147069987740301440e+04
4.479398173253471032e+04
4.873742653952294495e+04
5.329241284388428176e+04
5.842449492437317531e+04
6.407005539209612471e+04
7.013204992730481899e+04
7.647463933263512445e+04
8.291864785715684411e+04
8.924117194580145588e+04
9.518325354244487244e+04
1.004690811057303508e+05
1.048377127752283559e+05
1.080829896321873966e+05
1.100902948038425675e+05
1.108547600533058285e+05
1.104703695668316795e+05
1.090933470330755954e+05
1.068964917506186175e+05
1.040328207509935601e+05
1.006177228190832830e+05
9.672881423798513424e+04
9.241792782960407203e+04
8.772865516506209678e+04
8.271289373217117100e+04
7.744121958097626339e+04
7.200543316161949770e+04
6.651542587889706192e+04
6.109376765600931685e+04
5.587000882490557706e+04
5.097476155546345399e+04
4.653270163131006120e+04
4.265382607715835184e+04
3.942328570885627414e+04
3.689165977059947909e+04
3.506925084469218564e+04
3.392871418633745634e+04
3.341824347913172824e+04
3.348203227368389344e+04
3.407950461649721547e+04
3.519551537448369345e+04
3.683986517709387408e+04
3.903944834264328529e+04
4.182704370211721834e+04
4.522961734337222151e+04
4.925827203111359267e+04
5.390125954198010731e+04
5.911981302303859411e+04
6.484483431000449491e+04
7.097258898092711752e+04
7.735949548347097880e+04
8.381815178747799655e+04
9.011804711880758987e+04
9.599493561113756732e+04
1.011721511253218050e+05
1.053941844233283482e+05
1.084670513165930897e+05
1.102930507037184143e+05
1.108845687449137768e+05
1.103482116846625140e+05
1.088453148315886210e+05
1.065467997298058035e+05
1.035997306705497467e+05
1.001128004076260113e+05
9.615864318112732144e+04
9.178705443021624524e+04
8.704258560780560947e+04
8.198019308614599868e+04
7.667427645218581893e+04
7.122010790242817893e+04
6.573014961445142399e+04
6.032853653597783705e+04
5.514539588076915970e+04
5.031083414031975553e+04
4.594767336211917427e+04
4.216238774323776306e+04
3.903481018531561131e+04
3.660878017337097845e+04
3.488754592436562234e+04
3.383815055567183299e+04
3.340632454009541107e+04
3.353752082196625997e+04
3.419514877535645792e+04
3.536900368283900025e+04
3.707334152806379279e+04
3.933826950100720569e+04
4.219821591004446964e+04
4.568012105524948129e+04
4.979344811553243926e+04
5.452338752634406410e+04
5.982684479153884604e+04
6.562913991998556594e+04
7.181969511202181457e+04
7.824703784347440524e+04
8.471547793440047826e+04
9.098705282973909925e+04
9.679271797745402728e+04
1.018557767929441034e+05
1.059271492864509200e+05
1.088258644383103820e+05
1.104713925832686655e+05
1.108927829315101553e+05
1.102080220029557531e+05
1.085822836814590846e+05
1.061839047522352776e+05
1.031540338984777045e+05
9.959521083880454535e+04
9.557575199600575434e+04
9.114391580533716478e+04
8.634545056484406814e+04
8.123837628537378623e+04
7.590076494954917871e+04
7.043114174524879490e+04
6.494434441747987876e+04
5.956595377962074417e+04
5.442659917691186274e+04
4.965576738171262696e+04
4.537422970306986826e+04
4.168468904207632295e+04
3.866142769804794807e+04
3.634141782956711540e+04
3.472095105016646266e+04
3.376184674215270206e+04
3.340791848962712538e+04
3.360628407521548797e+04
3.432440039804051048e+04
3.555678572467849153e+04
3.732185288428195054e+04
3.965268114986512956e+04
4.258520083895616699e+04
4.614625265844472597e+04
5.034362770362954325e+04
5.515942718448687083e+04
6.054615825983886316e+04
6.642341257635234797e+04
7.267357133266488381e+04
7.913711014080067980e+04
8.561003382522975153e+04
9.184714083129014762e+04
9.757509586026308534e+04
1.025179961536332412e+05
1.064341909842855239e+05
1.091565202815140365e+05
1.106217798640287656e+05
1.108750508571417158e+05
1.100446317446430912e+05
1.082986174119287462e+05
1.058023564037149772e+05
1.026911430115710682e+05
9.906163831601259881e+04
9.497814377851186146e+04
9.048764064273459371e+04
8.563723623210388178e+04
8.048802689960163843e+04
7.512165049494682171e+04
6.963976249209311209e+04
6.415949557836458553e+04
5.880780566555703263e+04
5.371571757778661413e+04
4.901194877202430507e+04
4.481502229296314908e+04
4.122361178119613760e+04
3.830618178811027610e+04
3.609270161142793950e+04
3.457263226200757344e+04
3.370295099328007200e+04
3.342602188874992135e+04
3.369095700587644387e+04
3.446935117683182762e+04
3.576036288066698762e+04
3.758641661549056880e+04
3.998341208308344358e+04
4.298862818614787830e+04
4.662865756112474628e+04
5.090950282901484024e+04
5.581008806438728061e+04
6.127841055754991976e+04
6.722816478958057996e+04
7.353448922472697450e+04
8.002963572102939361e+04
8.650125778424211603e+04
9.269712357534731564e+04
9.834017340878579125e+04
1.031561925754353288e+05
1.069119697802020673e+05
1.094549400481818448e+05
1.107394527083938301e+05
1.108261884065807099e+05
1.098529129311434081e+05
1.079898081781593355e+05
1.053986827844213840e+05
1.022087393880735763e+05
9.851077547739450529e+04
9.436527637951893848e+04
8.981822418825628120e+04
8.491830869345777319e+04
7.972979158142187225e+04
7.433784665176233102e+04
6.884717227819540130e+04
6.337710424605093431e+04
5.805590041975581698e+04
5.301489717196304264e+04
4.838187910118490254e+04
4.427285054202991159e+04
4.078214194731315365e+04
3.797214147751459677e+04
3.586569001922727330e+04
3.444550130485898990e+04
3.366404834398728417e+04
3.346273907154006884e+04
3.379310422122236923e+04
3.463108460902226216e+04
3.598048978629850899e+04
3.786764206531394302e+04
4.033106233697454445e+04
4.340913846166084113e+04
4.712801326847188466e+04
5.149177708591514238e+04
5.647608101118700870e+04
6.202426536607945309e+04
6.804390155365115788e+04
7.440262446931615705e+04
8.092426238635503978e+04
8.738809365993089159e+04
9.353511044717484037e+04
9.908513228035307839e+04
1.037665940932574886e+05
1.073558970457829564e+05
1.097160822327744827e+05
1.108194465464629611e+05
1.107418476488703891e+05
1.096295140191977844e+05
1.076536067940397188e+05
1.049715812116451416e+05
1.017061883704400243e+05
9.794241075709470897e+04
9.373721918119402835e+04
8.913596397201005311e+04
8.418919121110637207e+04
7.896443245333540835e+04
7.355036707278383255e+04
6.805466440536134178e+04
6.259880058265473781e+04
5.731224985183576791e+04
5.232650450291899324e+04
4.776819460378020449e+04
4.375054052591226355e+04
4.036321483287771116e+04
3.766219351631163590e+04
3.566298052977367479e+04
3.434165487747023872e+04
3.364665904132963624e+04
3.351908094828704634e+04
3.391338459921105823e+04
3.481009590941438364e+04
3.621765107961054309e+04
3.816607040827043966e+04
4.069622950131465768e+04
4.384738231301527412e+04
4.764503382578720630e+04
5.209120972590157180e+04
5.715813119354963419e+04
6.278427746920768550e+04
6.887083368037024047e+04
7.527764941793499747e+04
8.181991307255305583e+04
8.826849817643281131e+04
9.435793237381719518e+04
9.980570465786944260e+04
1.043441624543305807e+05
1.077607748319223901e+05
1.099353036490488885e+05
1.108582361807419220e+05
1.106198298321576149e+05
1.093733874796469900e+05
1.072897284280444146e+05
1.045211583275445300e+05
1.011837590349746897e+05
9.735688514182003564e+04
9.309438228860465460e+04
8.844138108995778020e+04
8.345057332870061509e+04
7.819286886887671426e+04
7.276042557629822113e+04
6.726379589944418694e+04
6.182648555265978939e+04
5.657906133029758348e+04
5.165302246128932165e+04
4.717361692838161252e+04
4.325092251261656929e+04
3.996950836788089509e+04
3.737856765010541858e+04
3.548616537813309697e+04
3.426203500191700005e+04
3.365122614147804416e+04
3.359523858456470043e+04
3.405197273201961070e+04
3.500667453577018750e+04
3.647227155798632157e+04
3.848224292110534589e+04
4.107956322192777588e+04
4.430409854273459496e+04
4.818048803737615526e+04
5.270850779265553138e+04
5.785676136704361852e+04
6.355861125280647684e+04
6.970853226327561424e+04
7.615826971897434851e+04
8.271418055971695867e+04
8.913883205981522042e+04
9.516085153775269282e+04
1.004965205738935474e+05
1.048836482533592207e+05
1.081222990796902013e+05
1.101098169536079513e+05
1.108546242694232933e+05
1.104601457899277884e+05
1.090852075725077157e+05
1.068990727409358224e+05
1.040482890337910503e+05
1.006422049918432167e+05
9.675484642965423700e+04
9.243739795888170192e+04
8.773520935173182806e+04
8.270339280920913734e+04
7.741631185243553773e+04
7.196953941664563899e+04
6.647639767763175769e+04
6.106230882658990595e+04
5.585879702040650591e+04
5.099714103829269879e+04
4.660084909737806447e+04
4.277641376341653813e+04
3.960288058045198704e+04
3.712240370397801598e+04
3.533567859299725387e+04
3.420657437154253421e+04
3.367749989963278495e+04
3.369104887112544384e+04
3.420890833121383184e+04
3.522106911719076743e+04
3.674479163487329060e+04
3.881676603291239007e+04
4.148177487058348925e+04
4.478001446477046557e+04
4.873501817112482240e+04
5.334408880127830344e+04
5.857195442003467906e+04
6.434655149222892214e+04
7.055531561887453427e+04
7.704162638424769102e+04
8.360297128329295083e+04
8.999398904096941988e+04
9.593832463386750896e+04
1.011524423203448969e+05
1.053811520719067485e+05
1.084382916722234950e+05
1.102391262508807122e+05
1.108093552247604821e+05
1.102642140806780953e+05
1.087665885564246710e+05
1.064831377477909555e+05
1.035542197398760763e+05
1.000825378635657253e+05
9.613718346083667711e+04
9.176717539194208803e+04
8.701850820058658428e+04
8.194895355948965880e+04
7.663636249081944698e+04
7.117962890094799513e+04
6.569471038539260917e+04
6.030878474767039734e+04
5.515410138875886332e+04
5.036139014528386178e+04
4.605202222430265101e+04
4.232850533733068733e+04
3.926406175791133137e+04
3.689373572640705970e+04
3.521110383181054203e+04
3.417471890894435637e+04
3.372502457509980741e+04
3.380626849156221579e+04
3.438420229482651484e+04
3.545354866266391764e+04
3.703569174202898284e+04
3.917023824419199082e+04
4.190346926008849550e+04
4.527560941939822078e+04
4.930879905251975288e+04
5.399759670339761942e+04
5.930257662339257513e+04
6.514594621825833747e+04
7.140783974796951225e+04
7.792320697987310996e+04
8.448095847525617864e+04
9.082851415734893817e+04
9.668559404419227212e+04
1.017700801250192162e+05
1.058349535079130583e+05
1.087086146913172561e+05
1.103243241405698209e+05
1.107242761635382776e+05
1.100341565783119440e+05
1.084195610293143254e+05
1.060436831719521579e+05
1.030404279165184998e+05
9.950604363258641388e+04
9.550513094668880512e+04
9.108504852220944304e+04
8.629282994143282122e+04
8.118908765117384610e+04
7.585514476577441383e+04
7.039308593113526877e+04
6.492130851005182194e+04
5.956848871163752483e+04
5.446729163305326801e+04
4.974756741016230808e+04
4.552823853427945141e+04
4.190758011281755898e+04
3.895285253901062242e+04
3.669200860375278717e+04
3.511174641268674895e+04
3.416580190524848877e+04
3.379329865091050306e+04
3.394066095272295934e+04
3.457790447480276634e+04
3.570438664933040127e+04
3.734536323190497205e+04
3.954304146637149825e+04
4.234485161234506813e+04
4.579069994346312160e+04
4.990102791815761157e+04
5.466737715672903869e+04
6.004591040523641277e+04
6.595292264795594383e+04
7.226125501168504707e+04
7.879769409299880499e+04
8.534307298331552010e+04
9.163826124817435630e+04
9.739985860438116651e+04
1.023480943834487553e+05
1.062450688907861040e+05
1.089344050211111462e+05
1.103673368907545519e+05
1.106017155857850157e+05
1.097723574601291039e+05
1.080463452282952494e+05
1.055826874638104200e+05
1.025086870637652464e+05
9.891440507176640676e+04
9.486042165153524547e+04
9.039291469389418489e+04
8.556029933323901787e+04
8.042616132833223674e+04
7.507522386828795425e+04
6.961254193972097710e+04
6.415866231222751958e+04
5.884347191526695678e+04
5.379980525800350733e+04
4.915643202132839360e+04
4.502965626290513319e+04
4.151336113176938670e+04
3.866870534030428098e+04
3.651652251197192527e+04
3.503686339742146083e+04
3.417917444864271965e+04
3.388188776590798079e+04
3.409404256194484333e+04
3.479003349148846610e+04
3.597370639087623567e+04
3.767388961077323620e+04
3.993501820866766502e+04
4.280528761019664671e+04
4.632393648218939052e+04
5.050941858322674670e+04
5.535006199514393666e+04
6.079756584902673785e+04
6.676243506852441351e+04
7.311047500056479475e+04
7.966061784453992732e+04
8.618593076470517553e+04
9.242110170564897999e+04
9.808017599775268172e+04
1.028865737726056395e+05
1.066124748766812845e+05
1.091173793479519227e+05
1.103704134367042134e+05
1.104441927735538775e+05
1.094813611633693363e+05
1.076493588830499211e+05
1.051024125529755984e+05
1.019611656543388963e+05
9.830979393909839564e+04
9.420532253982110706e+04
8.969320528172476043e+04
8.482353348777400970e+04
7.966290498281203327e+04
7.429925406916346401e+04
6.884032106733261026e+04
6.340854827225511690e+04
5.813485990150305588e+04
5.315215188048715936e+04
4.858802114174536837e+04
4.455601215409334691e+04
4.114540139693218953e+04
3.841103926369754481e+04
3.636660963810515386e+04
3.498578972451063601e+04
3.421427654258592520e+04
3.399039646268027718e+04
3.426617265758969734e+04
3.502041697060031584e+04
3.626123753829512134e+04
3.802067580034256389e+04
4.034499894925150875e+04
4.328278948256318108e+04
4.687232100105340942e+04
5.112993252402284270e+04
5.604082438472418289e+04
6.155246460407073027e+04
6.756981245434259472e+04
7.395177601765595318e+04
8.050944081374484813e+04
8.700810439291041985e+04
9.317648508689740265e+04
9.872668189407506725e+04
1.033862754810660263e+05
1.069385520688876277e+05
1.092595033149575174e+05
1.103359708364265534e+05
1.102543754735613184e+05
1.091639000962772843e+05
1.072312926952301204e+05
1.046054853570570558e+05
1.014004607743999368e+05
9.769484228728023299e+04
9.354256607336958405e+04
8.898876163716286828e+04
8.408537221383815631e+04
7.890193353318670415e+04
7.352938219970966747e+04
6.807794350042674341e+04
6.267183903595258744e+04
5.744299273283408547e+04
5.252433136799928616e+04
4.804216107158142404e+04
4.410702738711737766e+04
4.080331262512035028e+04
3.817935573985652445e+04
3.624169785388323362e+04
3.495793991619032022e+04
3.427056875657913042e+04
3.411834926296173944e+04
3.445656618721667473e+04
3.526838448569452885e+04
3.656588525862773531e+04
3.838394611542057100e+04
4.077029344273675088e+04
4.377362946604153694e+04
4.743121466252374375e+04
5.175746416806540219e+04
5.673474857773820258e+04
6.230651161677595519e+04
6.837214870994964440e+04
7.478344250346857007e+04
8.134336869349768676e+04
8.780940306889517524e+04
9.390463219807148562e+04
9.933997363414560095e+04
1.038482356586987880e+05
1.072248609452711826e+05
1.093628936106620822e+05
1.102666023794871580e+05
1.100351610579129483e+05
1.088229948348494654e+05
1.067951726520002412e+05
1.040949005466474773e+05
1.008295579990577971e+05
9.707255783123806759e+04
9.287515130474796752e+04
8.828243292106040462e+04
8.334829696669896657e+04
7.814516451377868361e+04
7.276687367011632887e+04
6.732607962848445459e+04
6.194878913392614777e+04
5.676791702946238365e+04
5.191630966831557453e+04
4.751875771733924194e+04
4.368252550385490031e+04
4.048682118224175792e+04
3.797327236450823693e+04
3.614129061842257943e+04
3.495272374171597767e+04
3.434738287061654410e+04
3.426493809956394398e+04
3.466410822261338762e+04
3.553228082959717722e+04
3.688520799302966770e+04
3.876028391898324480e+04
4.120650558079732582e+04
4.427273576777688868e+04
4.799546538615747704e+04
5.238747410876386857e+04
5.742843100806824077e+04
6.305760203876059677e+04
6.916844117381336400e+04
7.560520370911237842e+04
8.216253423330320220e+04
8.859017432429549808e+04
9.460605362269743637e+04
9.992079700320804841e+04
1.042736043513069744e+05
1.074731277236218448e+05
1.094299076422967919e+05
1.101651940756935510e+05
1.097897661627921625e+05
1.084619973467686359e+05
1.063443592996977241e+05
1.035739732469653973e+05
1.002516919904479873e+05
9.644600772461532324e+04
9.220581845845945645e+04
8.757645601897091547e+04
8.261392682406857784e+04
7.739360062698910770e+04
7.201224663695289928e+04
6.658497211219771998e+04
6.123954106880576001e+04
5.610974646537327499e+04
5.132817306695342268e+04
4.701786061527132551e+04
4.328249434743953316e+04
4.019579191444259777e+04
3.779246418609933608e+04
3.606483624192861316e+04
3.496933311183978367e+04
3.444358089706029568e+04
3.442855402448734822e+04
3.488652328887116892e+04
3.580896180042599735e+04
3.721509352235036931e+04
3.914476311987105146e+04
4.164836861399420741e+04
4.477517681510866532e+04
4.856110855770694616e+04
5.301731090970879450e+04
5.812049268496315926e+04
6.380530720580151683e+04
6.995882607738155639e+04
7.641746079117196496e+04
8.296741655156537308e+04
8.935090461593482178e+04
9.528131419959886989e+04
1.004699917682278319e+05
1.046637294993362157e+05
1.076853710573858698e+05
1.094632529999192484e+05
1.100350010893809376e+05
1.095217579561880411e+05
1.080845663671180082e+05
1.058824492193078913e+05
1.030461083133479551e+05
9.966991680458560586e+04
9.581772599289429490e+04
9.153647073014991474e+04
8.687209721957541478e+04
8.188299906054876919e+04
7.664764470735628856e+04
7.126576776255095319e+04
6.585486531921576534e+04
6.054434595001329581e+04
5.546874587881343177e+04
5.076019896978937322e+04
4.653971196693328966e+04
4.290704573483901186e+04
3.993010145786466455e+04
3.763646934477367904e+04
3.601142474882761599e+04
3.500630253411966987e+04
3.455703273695142707e+04
3.460626804023917066e+04
3.511996408281286858e+04
3.609370290706925152e+04
3.755027843001586734e+04
3.953218799974508147e+04
4.209142503010547807e+04
4.527771451399398211e+04
4.912625299828957213e+04
5.364622021405885607e+04
5.881094767027752823e+04
6.455006615130426508e+04
7.074391016858792864e+04
7.722081304494470533e+04
8.375853897951242107e+04
9.009210552522151556e+04
9.593108555468132545e+04
1.009886169488160231e+05
1.050202816396416310e+05
1.078640053081072256e+05
1.094660450138636952e+05
1.098796350657951989e+05
1.092349770587964013e+05
1.076945085061383143e+05
1.054129555649575050e+05
1.025142811913645273e+05
9.908650325289154716e+04
9.518924603948227013e+04
9.086801224726276996e+04
8.616984347471033107e+04
8.115581959424741217e+04
7.590758274261704355e+04
7.052775802638716414e+04
6.513612570951507951e+04
5.986362946880263917e+04
5.484538670086956699e+04
5.021283389050819096e+04
4.608462633139476384e+04
4.255623080006512464e+04
3.968936845233765052e+04
3.750428922054755094e+04
3.597929095477124065e+04
3.506099571518629818e+04
3.468415522266944026e+04
3.479356476450684568e+04
3.535922486902395030e+04
3.638113194181601284e+04
3.788589709970076365e+04
3.991877548363725509e+04
4.253324396161799086e+04
4.577917875663493760e+04
4.969066720617179089e+04
5.427455717135805753e+04
5.950045899653976085e+04
6.529263766075851163e+04
7.152440278678164759e+04
7.801587347593811864e+04
8.453646873219478584e+04
9.081442087793022802e+04
9.655627484322286909e+04
1.014780708720325056e+05
1.053453400801025564e+05
1.080118540772606357e+05
1.094417527068859490e+05
1.097029599512128625e+05
1.089333173011046747e+05
1.072953483837756357e+05
1.049387143762517517e+05
1.019804867115633970e+05
9.850264342331868829e+04
9.456115942022654053e+04
9.020072214437276125e+04
8.546991082025226206e+04
8.043266249063750729e+04
7.517377071222644008e+04
6.979866519965950283e+04
6.442929844279217650e+04
5.919799519588454859e+04
5.424024815280110488e+04
4.968652242232067510e+04
4.565275463306606252e+04
4.222968929427453259e+04
3.947248996509196149e+04
3.739388220003157767e+04
3.596532079237874859e+04
3.512921021300252323e+04
3.481985978881832125e+04
3.498494711439895036e+04
3.559907144177917507e+04
3.666693259112620581e+04
3.821895967410841695e+04
4.030290071327739133e+04
4.297329809733932780e+04
4.627977121243932197e+04
5.025497786862522480e+04
5.490315443644647166e+04
6.018990030277995538e+04
6.603383956180702080e+04
7.230104777147858113e+04
7.880334446846120409e+04
8.530194131836840825e+04
9.151875376890193729e+04
9.715813497969170567e+04
1.019401430101957812e+05
1.056413739746038773e+05
1.081320892289556068e+05
1.093940578979721759e+05
1.095087546867593919e+05
1.086201703132405673e+05
1.068897249639215297e+05
1.044614680873008328e+05
1.014456558727176598e+05
9.791871618650785240e+04
9.393360766393993981e+04
8.953473559874520288e+04
8.477252678604717948e+04
7.971387800960683671e+04
7.444669711042322160e+04
6.907909773599098844e+04
6.373504812283049250e+04
5.854807699316181242e+04
5.365381305032152886e+04
4.918140915553911327e+04
4.524366141397288447e+04
4.192615115156664251e+04
3.927712427518206823e+04
3.730168143203477666e+04
3.596479170684257406e+04
3.520547112314157857e+04
3.495860291889187647e+04
3.517555338752784883e+04
3.583588710503546463e+04
3.694893422902291786e+04
3.854857192162280990e+04
4.068457488666324207e+04
4.341214592938363057e+04
4.678034311796995462e+04
5.082015304740360443e+04
5.553298415617876890e+04
6.088020779896017484e+04
6.677457722407954861e+04
7.307473676420997072e+04
7.958414553021408210e+04
8.605598470403066312e+04
9.220635148931900039e+04
9.773827879168489017e+04
1.023769821726622322e+05
1.059111610511414910e+05
1.082279911614513985e+05
1.093263741895332205e+05
1.093000985310727701e+05
1.082979113186896720e+05
1.064791636107158120e+05
1.039819930778680427e+05
1.009100816463544616e+05
9.733481217237356759e+04
9.330666750412069086e+04
8.887021723801846383e+04
8.407800710280815838e+04
7.899995183455036022e+04
7.372697299339382153e+04
6.836971290236474306e+04
6.305398348799758969e+04
5.791429163549374789e+04
5.308609686527356826e+04
4.869686109510117240e+04
4.485580142334273114e+04
4.164290927511200425e+04
3.909928613835616125e+04
3.722261425457701262e+04
3.597211002671955066e+04
3.528446378361326060e+04
3.509609316978331481e+04
3.536253496807481861e+04
3.606826052810819965e+04
3.722684699262546928e+04
3.887517030964232981e+04
4.106464556789565540e+04
4.385082683581217862e+04
4.728198152406664303e+04
5.138726870667764160e+04
5.616511925924671232e+04
6.157247012701968924e+04
6.751596687196978019e+04
7.384663572087226203e+04
8.035952063810170512e+04
8.679996144781171461e+04
9.287878876123721420e+04
9.829863138030558184e+04
1.027909455591407168e+05
1.061574121840807347e+05
1.083023730039843358e+05
1.092412712011404219e+05
1.090790096060449141e+05
1.079678716094916454e+05
1.060643912421250279e+05
1.035006182436312083e+05
1.003738892055427568e+05
9.675099221595890413e+04
9.268045546026511875e+04
8.820743490202492103e+04
8.338679072009949596e+04
7.829143903282852261e+04
7.301518471951279207e+04
6.767101265753422922e+04
6.238634731951321010e+04
5.729640130268135545e+04
5.253613688771783200e+04
4.823093045529071242e+04
4.448603034254648082e+04
4.137561710071404377e+04
3.893376471329485503e+04
3.715127176267723553e+04
3.598246764935091778e+04
3.536261829714351916e+04
3.523024158757796977e+04
3.554511826057973667e+04
3.629636094907645020e+04
3.750142446791869588e+04
3.919982508964461158e+04
4.144430554998216394e+04
4.429054514913286403e+04
4.778588767048974842e+04
5.195755607271188637e+04
5.680084778604932944e+04
6.226804991903763585e+04
6.825945288875956612e+04
7.461825409110303735e+04
8.113103531589981867e+04
8.753553265271996497e+04
9.353787760469502246e+04
9.884116162395563151e+04
1.031840996178896603e+05
1.063821799870417162e+05
1.083571156296334957e+05
1.091402948133541795e+05
1.088466174101676588e+05
1.076307986097118846e+05
1.056458583295836870e+05
1.030175758451467409e+05
9.983718745568123995e+04
9.616737005643527664e+04
9.205519370595643704e+04
8.754674321113603946e+04
8.269932378090659040e+04
7.758879127633485768e+04
7.231164225693722256e+04
6.698296171900750778e+04
6.173153239971357834e+04
5.669298579601775418e+04
5.200146675949913333e+04
4.777999377290135453e+04
4.412973069226228836e+04
4.111914949613409408e+04
3.877562590589530009e+04
3.708359672908060020e+04
3.599311528002508567e+04
3.543854426270446129e+04
3.536076877052630880e+04
3.572379474679917621e+04
3.652115923453833966e+04
3.777388987235452805e+04
3.952384812325442181e+04
4.182488342897835537e+04
4.473265415239851427e+04
4.829347298379165295e+04
5.253251798524217156e+04
5.744178980944562500e+04
6.296867530970874941e+04
6.900682710409411811e+04
7.539141270022373646e+04
8.190051835033728275e+04
8.826447851246841310e+04
9.418525863938708790e+04
9.936731004624626075e+04
1.035576873395637231e+05
1.065865490048280626e+05
1.083931883100249543e+05
1.090243245413409895e+05
1.086036930528804078e+05
1.072872938958990853e+05
1.052239585339189071e+05
1.025330980380683468e+05
9.930014914856561518e+04
9.558414050258895440e+04
9.143113233846987714e+04
8.688843421830481384e+04
8.201585322946157248e+04
7.689203614533599466e+04
7.161593325984083640e+04
6.630447607959221932e+04
6.108754920728455181e+04
5.610098368537719216e+04
5.147800015057281416e+04
4.733929501786749461e+04
4.378208132701893919e+04
4.086928285291408247e+04
3.862173138045958331e+04
3.701769951408106135e+04
3.600328257108030812e+04
3.551233229305719578e+04
3.548837501729038922e+04
3.589965948729587399e+04
3.674396256194917805e+04
3.804564436603525246e+04
3.984869869892119459e+04
4.220790470244800235e+04
4.517876657588416128e+04
4.880647198031361040e+04
5.311403335735528526e+04
5.808994513251999888e+04
6.367641796337492269e+04
6.976018222577472625e+04
7.616813082807751198e+04
8.266974915308131312e+04
8.898817101863256539e+04
9.482182821204849461e+04
9.987757104018462996e+04
1.039120028056682931e+05
1.067708642638644815e+05
